MEME version 4

ALPHABET= ACGU

Background letter frequencies:
A 0.2745 C 0.2077 G 0.2137 U 0.3041

MOTIF filter0
letter-probability matrix: alength= 4 w= 7 nsites= 9892
0.6470 0.0579 0.0531 0.2420
0.4994 0.1139 0.0988 0.2879
0.0971 0.3597 0.0356 0.5076
0.3466 0.1030 0.1744 0.3760
0.1852 0.1561 0.5515 0.1071
0.1754 0.0432 0.0172 0.7641
0.0101 0.8104 0.0534 0.1261

MOTIF filter1
letter-probability matrix: alength= 4 w= 7 nsites= 23854
0.0222 0.2640 0.5644 0.1493
0.3778 0.1337 0.0000 0.4885
0.1712 0.0065 0.7461 0.0762
0.5677 0.0739 0.0054 0.3531
0.1193 0.1247 0.7136 0.0424
0.3649 0.1299 0.2478 0.2574
0.0866 0.0659 0.4558 0.3916

MOTIF filter2
letter-probability matrix: alength= 4 w= 7 nsites= 27908
0.2700 0.3826 0.0421 0.3053
0.3488 0.4561 0.0560 0.1391
0.4163 0.3715 0.0039 0.2084
0.0114 0.0000 0.0043 0.9842
0.1752 0.6375 0.1022 0.0851
0.4799 0.3356 0.0053 0.1792
0.3991 0.3831 0.0684 0.1494

MOTIF filter3
letter-probability matrix: alength= 4 w= 7 nsites= 38736
0.4901 0.1248 0.0000 0.3850
0.4470 0.3899 0.0009 0.1622
0.1881 0.0610 0.0157 0.7351
0.3658 0.0793 0.2852 0.2696
0.0673 0.1083 0.7503 0.0741
0.2435 0.2665 0.1197 0.3702
0.3432 0.2791 0.1257 0.2520

MOTIF filter4
letter-probability matrix: alength= 4 w= 7 nsites= 21689
0.1734 0.4505 0.2615 0.1146
0.1162 0.1328 0.3183 0.4327
0.1956 0.0988 0.5012 0.2044
0.3766 0.2421 0.0873 0.2940
0.5191 0.3092 0.0649 0.1069
0.0952 0.4171 0.4573 0.0303
0.2849 0.1327 0.3574 0.2250

MOTIF filter5
letter-probability matrix: alength= 4 w= 7 nsites= 29240
0.2859 0.1081 0.0283 0.5777
0.3447 0.2134 0.1847 0.2572
0.2594 0.1349 0.0725 0.5332
0.0016 0.6504 0.3476 0.0004
0.4284 0.0745 0.0776 0.4195
0.4947 0.0290 0.0607 0.4156
0.0612 0.4749 0.0418 0.4220

MOTIF filter6
letter-probability matrix: alength= 4 w= 7 nsites= 20002
0.2812 0.4387 0.0546 0.2255
0.3289 0.0816 0.0579 0.5317
0.1607 0.3919 0.0673 0.3802
0.2301 0.1854 0.0136 0.5709
0.3944 0.2405 0.2874 0.0777
0.0944 0.4205 0.1895 0.2956
0.4812 0.0560 0.3264 0.1364

MOTIF filter7
letter-probability matrix: alength= 4 w= 7 nsites= 118401
0.4169 0.0670 0.1092 0.4069
0.0000 0.0000 1.0000 0.0000
0.2919 0.3830 0.0000 0.3250
0.3366 0.2833 0.0453 0.3348
0.2877 0.1556 0.2233 0.3334
0.2307 0.1963 0.3154 0.2576
0.1842 0.2343 0.2817 0.2997

MOTIF filter8
letter-probability matrix: alength= 4 w= 7 nsites= 20820
0.3433 0.0667 0.5349 0.0552
0.5056 0.1257 0.1898 0.1789
0.2925 0.0755 0.3350 0.2969
0.1655 0.0413 0.7877 0.0055
0.8163 0.1761 0.0000 0.0075
0.8522 0.0783 0.0171 0.0524
0.3644 0.2040 0.3015 0.1301

MOTIF filter9
letter-probability matrix: alength= 4 w= 7 nsites= 106142
0.4407 0.0000 0.0030 0.5563
0.5983 0.0582 0.3405 0.0030
0.4398 0.0549 0.2829 0.2223
0.3734 0.1945 0.0931 0.3390
0.4071 0.0847 0.1545 0.3536
0.4705 0.0976 0.1209 0.3111
0.3920 0.0966 0.2422 0.2691

MOTIF filter10
letter-probability matrix: alength= 4 w= 7 nsites= 26602
0.3842 0.0972 0.0669 0.4517
0.1807 0.2889 0.2393 0.2911
0.2545 0.4246 0.0225 0.2984
0.7286 0.1714 0.0015 0.0985
0.0424 0.3953 0.3030 0.2593
0.7855 0.0206 0.0257 0.1683
0.0806 0.0450 0.7828 0.0916

MOTIF filter11
letter-probability matrix: alength= 4 w= 7 nsites= 8286
0.1463 0.5521 0.1451 0.1565
0.1189 0.6072 0.0748 0.1990
0.6575 0.1099 0.1344 0.0982
0.1628 0.1963 0.6327 0.0082
0.1123 0.4907 0.3366 0.0604
0.1759 0.5405 0.2749 0.0087
0.4011 0.0519 0.0083 0.5387

MOTIF filter12
letter-probability matrix: alength= 4 w= 7 nsites= 33496
0.5352 0.3059 0.0002 0.1587
0.3113 0.3080 0.0002 0.3805
0.5680 0.0748 0.0000 0.3572
0.4749 0.3484 0.0002 0.1765
0.2175 0.3711 0.0063 0.4051
0.2069 0.1768 0.0352 0.5811
0.0559 0.6798 0.0379 0.2264

MOTIF filter13
letter-probability matrix: alength= 4 w= 7 nsites= 11637
0.0655 0.6993 0.1293 0.1058
0.0389 0.8574 0.0346 0.0691
0.0570 0.8971 0.0297 0.0161
0.0792 0.8059 0.0319 0.0831
0.4492 0.3763 0.0641 0.1104
0.1752 0.2636 0.3452 0.2160
0.1898 0.4307 0.2569 0.1226

MOTIF filter14
letter-probability matrix: alength= 4 w= 7 nsites= 18732
0.0598 0.0766 0.6600 0.2036
0.0815 0.1441 0.7172 0.0572
0.2174 0.3860 0.3154 0.0811
0.0284 0.0006 0.5392 0.4318
0.2926 0.3891 0.2984 0.0199
0.0632 0.3256 0.3833 0.2279
0.2110 0.5773 0.1386 0.0731

MOTIF filter15
letter-probability matrix: alength= 4 w= 7 nsites= 20921
0.1023 0.4424 0.0693 0.3860
0.0338 0.5000 0.0118 0.4544
0.1732 0.1671 0.0327 0.6270
0.0898 0.0637 0.1281 0.7184
0.0031 0.1312 0.7785 0.0873
0.0378 0.5559 0.0044 0.4018
0.0910 0.2197 0.1317 0.5576

