MEME version 4

ALPHABET= ACGU

Background letter frequencies:
A 0.2521 C 0.2153 G 0.2146 U 0.3180

MOTIF filter0
letter-probability matrix: alength= 4 w= 7 nsites= 22085
0.0643 0.2744 0.1290 0.5323
0.1190 0.2481 0.0677 0.5653
0.2462 0.2104 0.1123 0.4311
0.2748 0.2720 0.2153 0.2379
0.2733 0.2408 0.2212 0.2647
0.3277 0.3114 0.2244 0.1365
0.2939 0.2464 0.2241 0.2356

MOTIF filter1
letter-probability matrix: alength= 4 w= 7 nsites= 16704
0.2179 0.1515 0.4318 0.1988
0.0670 0.1820 0.3586 0.3924
0.0916 0.3432 0.1899 0.3753
0.2076 0.3575 0.1373 0.2976
0.2184 0.4044 0.1301 0.2472
0.2064 0.3771 0.0868 0.3297
0.1745 0.3456 0.1133 0.3665

MOTIF filter2
letter-probability matrix: alength= 4 w= 7 nsites= 14818
0.2545 0.0511 0.4001 0.2942
0.1667 0.1555 0.4650 0.2128
0.2892 0.1723 0.4641 0.0743
0.4538 0.1673 0.2294 0.1495
0.4793 0.0360 0.1709 0.3139
0.3460 0.1556 0.2210 0.2774
0.2661 0.1791 0.2814 0.2734

MOTIF filter3
letter-probability matrix: alength= 4 w= 7 nsites= 22579
0.3373 0.2040 0.1679 0.2908
0.1913 0.1984 0.2082 0.4021
0.2305 0.1507 0.0917 0.5271
0.2798 0.0805 0.0739 0.5659
0.2610 0.1205 0.0611 0.5575
0.3763 0.1010 0.0414 0.4813
0.3089 0.1819 0.1084 0.4008

MOTIF filter4
letter-probability matrix: alength= 4 w= 7 nsites= 21214
0.2226 0.1257 0.0973 0.5544
0.2215 0.1345 0.2287 0.4153
0.1870 0.0730 0.2455 0.4945
0.2335 0.1145 0.4577 0.1944
0.2956 0.1146 0.3678 0.2220
0.2779 0.1413 0.3240 0.2568
0.3553 0.1720 0.1409 0.3318

MOTIF filter5
letter-probability matrix: alength= 4 w= 7 nsites= 23106
0.1554 0.0176 0.0580 0.7690
0.1321 0.0496 0.1674 0.6509
0.1724 0.0650 0.2092 0.5534
0.1819 0.0833 0.1952 0.5396
0.2589 0.0929 0.1132 0.5350
0.3686 0.0965 0.0480 0.4868
0.2972 0.0926 0.1686 0.4415

MOTIF filter6
letter-probability matrix: alength= 4 w= 7 nsites= 14141
0.3632 0.0275 0.4011 0.2082
0.2622 0.0236 0.5569 0.1572
0.3096 0.0633 0.3837 0.2433
0.3267 0.1036 0.3486 0.2211
0.2691 0.1101 0.2710 0.3497
0.4112 0.0754 0.2507 0.2627
0.2903 0.0734 0.3994 0.2368

MOTIF filter7
letter-probability matrix: alength= 4 w= 7 nsites= 20444
0.0519 0.0707 0.0652 0.8121
0.0393 0.0194 0.0330 0.9084
0.0343 0.0680 0.0558 0.8418
0.0878 0.0774 0.0930 0.7418
0.1423 0.1620 0.1035 0.5922
0.1836 0.1938 0.1458 0.4768
0.2858 0.2231 0.1244 0.3668

MOTIF filter8
letter-probability matrix: alength= 4 w= 7 nsites= 13419
0.2293 0.3950 0.2041 0.1716
0.3361 0.2600 0.1899 0.2140
0.2353 0.4159 0.1459 0.2028
0.2129 0.2748 0.1317 0.3805
0.0846 0.3238 0.2882 0.3034
0.0945 0.3400 0.2730 0.2926
0.0635 0.5257 0.2590 0.1518

MOTIF filter9
letter-probability matrix: alength= 4 w= 7 nsites= 12985
0.3739 0.1057 0.3383 0.1822
0.3318 0.0937 0.2038 0.3707
0.1168 0.1284 0.1704 0.5844
0.1370 0.1081 0.0628 0.6920
0.1328 0.2823 0.0182 0.5667
0.3453 0.2782 0.0173 0.3592
0.2609 0.2913 0.1903 0.2574

MOTIF filter10
letter-probability matrix: alength= 4 w= 7 nsites= 14831
0.0731 0.4485 0.1363 0.3422
0.0456 0.3374 0.1019 0.5151
0.0206 0.3816 0.1987 0.3991
0.0553 0.3139 0.2713 0.3596
0.1631 0.2751 0.3026 0.2592
0.1738 0.1143 0.3074 0.4045
0.3081 0.1606 0.2246 0.3067

MOTIF filter11
letter-probability matrix: alength= 4 w= 7 nsites= 17566
0.0333 0.2322 0.1329 0.6016
0.0138 0.2730 0.1872 0.5260
0.0242 0.3594 0.2067 0.4097
0.0719 0.2569 0.2197 0.4515
0.0821 0.2931 0.3368 0.2880
0.1793 0.2256 0.3093 0.2858
0.1412 0.3603 0.3103 0.1882

MOTIF filter12
letter-probability matrix: alength= 4 w= 7 nsites= 24511
0.3205 0.1339 0.1212 0.4244
0.2893 0.2095 0.1553 0.3459
0.2396 0.1444 0.1307 0.4853
0.2876 0.2523 0.1601 0.2999
0.3117 0.2325 0.2156 0.2402
0.3012 0.3179 0.1732 0.2077
0.2156 0.2899 0.1599 0.3346

MOTIF filter13
letter-probability matrix: alength= 4 w= 7 nsites= 26324
0.2726 0.1421 0.2350 0.3503
0.3181 0.1520 0.2868 0.2432
0.2556 0.2011 0.2629 0.2803
0.2187 0.2308 0.1327 0.4178
0.1479 0.1780 0.0677 0.6064
0.1088 0.1534 0.0643 0.6734
0.0531 0.0804 0.0551 0.8114

MOTIF filter14
letter-probability matrix: alength= 4 w= 7 nsites= 16538
0.2928 0.3013 0.0726 0.3333
0.3737 0.1653 0.0884 0.3725
0.3376 0.2686 0.1911 0.2027
0.4192 0.2139 0.2459 0.1210
0.5501 0.2044 0.2093 0.0362
0.5343 0.1794 0.2627 0.0237
0.3642 0.2931 0.3198 0.0230

MOTIF filter15
letter-probability matrix: alength= 4 w= 7 nsites= 15081
0.2408 0.3423 0.2296 0.1873
0.2412 0.3920 0.2046 0.1623
0.2109 0.4084 0.0828 0.2979
0.1276 0.3071 0.0718 0.4935
0.2076 0.3026 0.1122 0.3777
0.2414 0.2433 0.0927 0.4227
0.3962 0.2811 0.1087 0.2141

