MEME version 4

ALPHABET= ACGU

Background letter frequencies:
A 0.2518 C 0.2214 G 0.2443 U 0.2824

MOTIF filter0
letter-probability matrix: alength= 4 w= 7 nsites= 3457
0.4250 0.2280 0.2546 0.0925
0.3753 0.1789 0.3337 0.1121
0.2222 0.1820 0.3799 0.2158
0.1815 0.1398 0.4776 0.2011
0.3028 0.1630 0.3612 0.1731
0.3499 0.2043 0.2924 0.1534
0.5163 0.1965 0.1005 0.1867

MOTIF filter1
letter-probability matrix: alength= 4 w= 7 nsites= 3232
0.4787 0.1449 0.3161 0.0603
0.2305 0.3044 0.3421 0.1230
0.2642 0.2512 0.2908 0.1938
0.2587 0.2423 0.3053 0.1938
0.2781 0.0850 0.3248 0.3121
0.2108 0.0430 0.5213 0.2250
0.1700 0.1199 0.4623 0.2478

MOTIF filter2
letter-probability matrix: alength= 4 w= 7 nsites= 4425
0.2676 0.1648 0.2021 0.3655
0.1515 0.1506 0.1939 0.5040
0.1666 0.0944 0.1921 0.5469
0.3671 0.0955 0.2940 0.2434
0.5073 0.1599 0.2321 0.1007
0.4753 0.0982 0.1571 0.2694
0.3371 0.1224 0.1325 0.4080

MOTIF filter3
letter-probability matrix: alength= 4 w= 7 nsites= 3941
0.2966 0.4213 0.1042 0.1779
0.1921 0.3873 0.1719 0.2487
0.1587 0.1328 0.4304 0.2781
0.2700 0.0530 0.4342 0.2428
0.3346 0.0639 0.4474 0.1541
0.4393 0.1480 0.2451 0.1676
0.2580 0.3493 0.3044 0.0882

MOTIF filter4
letter-probability matrix: alength= 4 w= 7 nsites= 2802
0.0474 0.2986 0.2277 0.4262
0.0403 0.3514 0.2837 0.3247
0.0966 0.4612 0.1942 0.2480
0.1026 0.5577 0.2213 0.1183
0.0994 0.5150 0.1761 0.2096
0.0773 0.5417 0.1885 0.1924
0.0766 0.4797 0.1557 0.2880

MOTIF filter5
letter-probability matrix: alength= 4 w= 7 nsites= 2839
0.0689 0.4355 0.1196 0.3760
0.0753 0.5596 0.0943 0.2708
0.0605 0.6025 0.0718 0.2652
0.1432 0.4365 0.1639 0.2564
0.1249 0.3961 0.1797 0.2993
0.1622 0.2561 0.2044 0.3774
0.1646 0.1808 0.2649 0.3897

MOTIF filter6
letter-probability matrix: alength= 4 w= 7 nsites= 3238
0.2122 0.3199 0.2057 0.2622
0.1536 0.3094 0.1175 0.4195
0.2921 0.2603 0.1746 0.2730
0.2215 0.3664 0.1733 0.2387
0.2924 0.3976 0.0947 0.2153
0.1151 0.3976 0.1798 0.3075
0.1749 0.2209 0.2057 0.3985

MOTIF filter7
letter-probability matrix: alength= 4 w= 7 nsites= 4885
0.2007 0.3708 0.0806 0.3479
0.2250 0.3946 0.0781 0.3023
0.4064 0.3258 0.0794 0.1884
0.4048 0.2565 0.1912 0.1475
0.4240 0.0607 0.2362 0.2790
0.2313 0.1256 0.3283 0.3148
0.1859 0.1060 0.2978 0.4103

MOTIF filter8
letter-probability matrix: alength= 4 w= 7 nsites= 4023
0.2617 0.4830 0.0827 0.1726
0.2890 0.3792 0.0802 0.2516
0.1271 0.4177 0.1614 0.2938
0.2295 0.2118 0.1763 0.3824
0.3129 0.2528 0.1649 0.2694
0.3121 0.1937 0.2036 0.2905
0.3737 0.2367 0.1929 0.1967

MOTIF filter9
letter-probability matrix: alength= 4 w= 7 nsites= 5075
0.3546 0.1473 0.1825 0.3156
0.2410 0.1973 0.2632 0.2985
0.2827 0.2567 0.3099 0.1506
0.2250 0.3398 0.3077 0.1274
0.1959 0.1805 0.2512 0.3723
0.1676 0.1331 0.3335 0.3658
0.1904 0.1034 0.2146 0.4916

MOTIF filter10
letter-probability matrix: alength= 4 w= 7 nsites= 6902
0.1901 0.2934 0.0851 0.4314
0.3055 0.1583 0.0860 0.4502
0.3078 0.1658 0.2989 0.2275
0.3141 0.1838 0.2718 0.2304
0.2298 0.2043 0.2734 0.2925
0.2365 0.1229 0.2204 0.4202
0.1651 0.0585 0.2750 0.5014

MOTIF filter11
letter-probability matrix: alength= 4 w= 7 nsites= 4349
0.3127 0.1898 0.1679 0.3297
0.4172 0.1218 0.0827 0.3784
0.5624 0.1544 0.0639 0.2194
0.4174 0.3425 0.0967 0.1433
0.4227 0.3145 0.0489 0.2139
0.2398 0.2194 0.1778 0.3630
0.2024 0.1383 0.1633 0.4960

MOTIF filter12
letter-probability matrix: alength= 4 w= 7 nsites= 3102
0.3648 0.3889 0.0708 0.1755
0.3252 0.4678 0.0631 0.1439
0.3175 0.4456 0.0985 0.1384
0.4639 0.1993 0.1768 0.1600
0.5966 0.0499 0.2962 0.0573
0.5097 0.1590 0.2605 0.0708
0.3609 0.2292 0.1896 0.2202

MOTIF filter13
letter-probability matrix: alength= 4 w= 7 nsites= 3841
0.2029 0.3443 0.2791 0.1737
0.2512 0.5274 0.1363 0.0850
0.2018 0.4970 0.1329 0.1683
0.2101 0.2788 0.3313 0.1797
0.1873 0.2492 0.3514 0.2122
0.1118 0.2497 0.3756 0.2629
0.1046 0.3407 0.1896 0.3651

MOTIF filter14
letter-probability matrix: alength= 4 w= 7 nsites= 3720
0.4659 0.1557 0.1410 0.2374
0.3244 0.1496 0.3982 0.1278
0.3840 0.0840 0.3754 0.1566
0.4149 0.0926 0.3869 0.1055
0.5124 0.1216 0.2285 0.1375
0.4509 0.0738 0.3977 0.0776
0.2798 0.0867 0.4229 0.2105

MOTIF filter15
letter-probability matrix: alength= 4 w= 7 nsites= 1176
0.3695 0.2415 0.2864 0.1025
0.2212 0.2314 0.4432 0.1042
0.1568 0.0712 0.4627 0.3093
0.2534 0.1966 0.3034 0.2466
0.3076 0.2203 0.1856 0.2864
0.2703 0.3873 0.1839 0.1585
0.1314 0.3729 0.1881 0.3076

