MEME version 4

ALPHABET= ACGU

Background letter frequencies:
A 0.2521 C 0.2153 G 0.2146 U 0.3180

MOTIF filter0
letter-probability matrix: alength= 4 w= 7 nsites= 19654
0.0621 0.2060 0.3059 0.4261
0.0706 0.1273 0.4225 0.3797
0.1692 0.2120 0.4383 0.1805
0.1746 0.2051 0.3534 0.2669
0.1468 0.1745 0.3668 0.3119
0.0913 0.0547 0.5204 0.3336
0.1980 0.1105 0.4738 0.2177

MOTIF filter1
letter-probability matrix: alength= 4 w= 7 nsites= 13856
0.2248 0.1947 0.4870 0.0934
0.1965 0.2307 0.3633 0.2095
0.2206 0.1564 0.2132 0.4097
0.1841 0.1425 0.0367 0.6367
0.1348 0.0857 0.0111 0.7684
0.2326 0.1455 0.0586 0.5633
0.3077 0.2102 0.1086 0.3735

MOTIF filter2
letter-probability matrix: alength= 4 w= 7 nsites= 17023
0.5100 0.2663 0.0669 0.1568
0.4109 0.3706 0.1184 0.1000
0.1459 0.5352 0.0934 0.2256
0.1518 0.5209 0.0705 0.2568
0.2029 0.4253 0.1044 0.2675
0.3886 0.2633 0.1516 0.1965
0.3934 0.2770 0.1751 0.1545

MOTIF filter3
letter-probability matrix: alength= 4 w= 7 nsites= 23541
0.2233 0.1161 0.0932 0.5674
0.0736 0.0644 0.0592 0.8028
0.0360 0.0207 0.0149 0.9284
0.0641 0.0603 0.0767 0.7989
0.2096 0.1122 0.1196 0.5586
0.2923 0.1650 0.1715 0.3711
0.3407 0.1982 0.1836 0.2776

MOTIF filter4
letter-probability matrix: alength= 4 w= 7 nsites= 16337
0.0676 0.1193 0.0846 0.7285
0.0461 0.1597 0.1360 0.6583
0.0397 0.1296 0.1270 0.7038
0.0543 0.1251 0.1978 0.6227
0.1103 0.1661 0.1756 0.5480
0.0999 0.3881 0.1764 0.3355
0.1288 0.4298 0.1474 0.2940

MOTIF filter5
letter-probability matrix: alength= 4 w= 7 nsites= 16594
0.1551 0.1198 0.0271 0.6980
0.3249 0.1594 0.0460 0.4696
0.3203 0.1883 0.1815 0.3099
0.2877 0.2101 0.2555 0.2467
0.2721 0.1843 0.2628 0.2808
0.4561 0.1516 0.1723 0.2200
0.5303 0.0942 0.1324 0.2430

MOTIF filter6
letter-probability matrix: alength= 4 w= 7 nsites= 18178
0.2821 0.1206 0.3028 0.2945
0.2291 0.0874 0.2122 0.4713
0.2743 0.0535 0.3485 0.3237
0.3569 0.0375 0.3143 0.2913
0.5503 0.0603 0.2284 0.1610
0.5533 0.0771 0.1010 0.2686
0.5037 0.0804 0.0490 0.3669

MOTIF filter7
letter-probability matrix: alength= 4 w= 7 nsites= 13441
0.0538 0.0389 0.1131 0.7941
0.0869 0.0245 0.2642 0.6244
0.1377 0.1098 0.2193 0.5331
0.2308 0.1249 0.2628 0.3815
0.2506 0.1424 0.2736 0.3335
0.2585 0.0926 0.4115 0.2373
0.2575 0.1476 0.4239 0.1711

MOTIF filter9
letter-probability matrix: alength= 4 w= 7 nsites= 7714
0.1789 0.4540 0.1673 0.1998
0.1657 0.3503 0.3401 0.1438
0.1795 0.3953 0.3373 0.0880
0.0967 0.2666 0.3068 0.3299
0.1614 0.4426 0.1081 0.2879
0.2685 0.2392 0.1570 0.3353
0.2692 0.2568 0.2400 0.2340

MOTIF filter10
letter-probability matrix: alength= 4 w= 7 nsites= 10589
0.1133 0.1599 0.2174 0.5094
0.1849 0.3112 0.1694 0.3345
0.2976 0.3623 0.1475 0.1927
0.3194 0.3384 0.2265 0.1157
0.2968 0.1550 0.4185 0.1297
0.1568 0.3386 0.4484 0.0562
0.1498 0.3945 0.3014 0.1543

MOTIF filter11
letter-probability matrix: alength= 4 w= 7 nsites= 11322
0.2998 0.1549 0.1514 0.3939
0.1331 0.2267 0.2017 0.4384
0.2380 0.2213 0.2172 0.3235
0.3254 0.1854 0.1689 0.3203
0.4196 0.1264 0.1929 0.2611
0.3442 0.1198 0.2819 0.2541
0.2081 0.0936 0.4632 0.2351

MOTIF filter12
letter-probability matrix: alength= 4 w= 7 nsites= 18383
0.1668 0.2239 0.2465 0.3628
0.2264 0.1012 0.3101 0.3624
0.2057 0.0354 0.5166 0.2422
0.1951 0.0462 0.5396 0.2191
0.1634 0.1281 0.5051 0.2035
0.1489 0.1075 0.2969 0.4468
0.1728 0.1378 0.3012 0.3883

MOTIF filter13
letter-probability matrix: alength= 4 w= 7 nsites= 16595
0.4109 0.0773 0.2112 0.3006
0.3059 0.0657 0.3873 0.2412
0.2747 0.1875 0.3394 0.1984
0.2711 0.2804 0.2841 0.1645
0.1717 0.2624 0.1408 0.4251
0.0945 0.1202 0.1083 0.6770
0.1546 0.0938 0.2112 0.5405

MOTIF filter14
letter-probability matrix: alength= 4 w= 7 nsites= 22260
0.2264 0.1337 0.4580 0.1820
0.2179 0.1144 0.5963 0.0713
0.2003 0.1900 0.4793 0.1303
0.2033 0.2416 0.2736 0.2815
0.2245 0.2929 0.0965 0.3860
0.2105 0.3175 0.1882 0.2839
0.2138 0.2650 0.1456 0.3757

MOTIF filter15
letter-probability matrix: alength= 4 w= 7 nsites= 18351
0.2921 0.2332 0.2447 0.2300
0.5438 0.2196 0.1236 0.1130
0.4986 0.2247 0.1937 0.0830
0.4648 0.2159 0.2285 0.0909
0.1634 0.2791 0.3156 0.2418
0.1243 0.2023 0.3229 0.3505
0.0953 0.2151 0.1982 0.4914

