MEME version 4

ALPHABET= ACGU

Background letter frequencies:
A 0.2726 C 0.1926 G 0.1940 U 0.3409

MOTIF filter0
letter-probability matrix: alength= 4 w= 7 nsites= 229473
0.3933 0.0241 0.2555 0.3271
0.2825 0.0333 0.3278 0.3565
0.1933 0.0446 0.3008 0.4613
0.2745 0.1146 0.2427 0.3682
0.3364 0.1194 0.1907 0.3535
0.3219 0.1077 0.4320 0.1383
0.2327 0.0319 0.5742 0.1612

MOTIF filter1
letter-probability matrix: alength= 4 w= 7 nsites= 312506
0.1448 0.2420 0.0546 0.5587
0.1903 0.2775 0.0386 0.4936
0.2136 0.2516 0.0628 0.4719
0.2519 0.2742 0.0670 0.4069
0.2180 0.2934 0.1027 0.3859
0.3045 0.2162 0.1987 0.2806
0.2290 0.1076 0.5077 0.1557

MOTIF filter2
letter-probability matrix: alength= 4 w= 7 nsites= 160725
0.2249 0.2180 0.3906 0.1665
0.1928 0.1852 0.4480 0.1741
0.3276 0.0896 0.4822 0.1006
0.3031 0.0637 0.5447 0.0885
0.4370 0.0806 0.3114 0.1709
0.3126 0.1767 0.1893 0.3214
0.4533 0.1842 0.0916 0.2709

MOTIF filter3
letter-probability matrix: alength= 4 w= 7 nsites= 585688
0.5027 0.1264 0.0603 0.3106
0.5509 0.1146 0.0037 0.3308
0.3805 0.1146 0.0001 0.5048
0.3017 0.0657 0.0593 0.5733
0.2213 0.1538 0.0914 0.5334
0.2382 0.1535 0.1042 0.5041
0.2956 0.1360 0.0876 0.4808

MOTIF filter4
letter-probability matrix: alength= 4 w= 7 nsites= 126236
0.1504 0.4420 0.2053 0.2023
0.1324 0.5980 0.1135 0.1561
0.0565 0.5293 0.0629 0.3513
0.0538 0.3337 0.2747 0.3378
0.0706 0.2228 0.3238 0.3829
0.1402 0.3786 0.3404 0.1407
0.1790 0.5047 0.1718 0.1444

MOTIF filter5
letter-probability matrix: alength= 4 w= 7 nsites= 176214
0.2902 0.1318 0.4845 0.0935
0.3196 0.1648 0.2853 0.2304
0.4622 0.2437 0.0731 0.2210
0.4661 0.1943 0.0529 0.2867
0.4765 0.1866 0.0732 0.2637
0.3123 0.1010 0.3227 0.2639
0.2837 0.1436 0.3605 0.2123

MOTIF filter6
letter-probability matrix: alength= 4 w= 7 nsites= 223263
0.3344 0.0436 0.4375 0.1845
0.1895 0.0799 0.4034 0.3272
0.1400 0.1882 0.4669 0.2048
0.2031 0.3410 0.2474 0.2085
0.1650 0.3154 0.1764 0.3432
0.2448 0.2958 0.1293 0.3301
0.2546 0.1929 0.1316 0.4208

MOTIF filter7
letter-probability matrix: alength= 4 w= 7 nsites= 498031
0.3900 0.2298 0.0052 0.3750
0.4842 0.1606 0.0068 0.3484
0.3288 0.2178 0.0089 0.4444
0.2658 0.1914 0.0061 0.5367
0.1941 0.2693 0.0109 0.5256
0.2292 0.2681 0.0310 0.4717
0.2428 0.2263 0.0997 0.4312

MOTIF filter8
letter-probability matrix: alength= 4 w= 7 nsites= 290290
0.1475 0.0990 0.4860 0.2675
0.1960 0.1054 0.4001 0.2984
0.2156 0.1409 0.3624 0.2811
0.2896 0.1916 0.0946 0.4242
0.2716 0.1349 0.0926 0.5009
0.1735 0.0775 0.3360 0.4130
0.1761 0.0650 0.3667 0.3922

MOTIF filter9
letter-probability matrix: alength= 4 w= 7 nsites= 453103
0.1541 0.1804 0.2230 0.4425
0.1808 0.1377 0.1743 0.5072
0.1283 0.1027 0.3871 0.3819
0.1921 0.1956 0.3857 0.2266
0.1961 0.2900 0.4019 0.1120
0.2895 0.4290 0.0861 0.1954
0.2898 0.3199 0.1153 0.2749

MOTIF filter10
letter-probability matrix: alength= 4 w= 7 nsites= 190268
0.0967 0.2232 0.4111 0.2690
0.1181 0.2172 0.5207 0.1441
0.1029 0.3694 0.4982 0.0295
0.1857 0.3167 0.2564 0.2412
0.1360 0.2618 0.2894 0.3128
0.1203 0.1749 0.3784 0.3264
0.1053 0.3348 0.3912 0.1687

MOTIF filter11
letter-probability matrix: alength= 4 w= 7 nsites= 400815
0.3405 0.3350 0.1047 0.2198
0.4531 0.2446 0.0732 0.2291
0.3350 0.1298 0.3904 0.1448
0.3024 0.1538 0.3595 0.1842
0.1929 0.2608 0.3716 0.1747
0.3063 0.2993 0.0803 0.3141
0.2427 0.2091 0.2498 0.2984

MOTIF filter12
letter-probability matrix: alength= 4 w= 7 nsites= 163607
0.1838 0.4065 0.0389 0.3709
0.1890 0.5030 0.0160 0.2920
0.1610 0.3035 0.0142 0.5213
0.2502 0.2576 0.0090 0.4833
0.3533 0.0814 0.0322 0.5331
0.3091 0.0964 0.0837 0.5107
0.1680 0.2947 0.1119 0.4254

MOTIF filter13
letter-probability matrix: alength= 4 w= 7 nsites= 367417
0.3364 0.1135 0.3634 0.1867
0.2994 0.1848 0.3110 0.2048
0.2280 0.1690 0.3769 0.2262
0.1160 0.1220 0.5571 0.2049
0.1547 0.0568 0.5352 0.2533
0.3261 0.1059 0.3637 0.2043
0.4343 0.1527 0.1208 0.2922

MOTIF filter14
letter-probability matrix: alength= 4 w= 7 nsites= 290137
0.0554 0.0719 0.0855 0.7872
0.1156 0.0085 0.0312 0.8447
0.1171 0.0054 0.0122 0.8653
0.2432 0.0734 0.0133 0.6701
0.2511 0.0961 0.0294 0.6234
0.3041 0.1123 0.0731 0.5105
0.2319 0.1216 0.0867 0.5598

MOTIF filter15
letter-probability matrix: alength= 4 w= 7 nsites= 321080
0.4597 0.0563 0.2988 0.1853
0.4361 0.0811 0.2810 0.2018
0.4918 0.0888 0.2676 0.1518
0.4788 0.0684 0.1445 0.3083
0.4327 0.0327 0.1861 0.3486
0.2416 0.0101 0.2462 0.5021
0.1741 0.0072 0.4785 0.3402

