MEME version 4

ALPHABET= ACGU

Background letter frequencies:
A 0.2616 C 0.2264 G 0.2535 U 0.2586

MOTIF filter0
letter-probability matrix: alength= 4 w= 7 nsites= 19165
0.0663 0.2206 0.5598 0.1534
0.1192 0.1631 0.5648 0.1530
0.1063 0.1943 0.6058 0.0936
0.0983 0.2591 0.5362 0.1064
0.0685 0.3927 0.3629 0.1759
0.1341 0.3257 0.2508 0.2894
0.1603 0.2806 0.3236 0.2355

MOTIF filter1
letter-probability matrix: alength= 4 w= 7 nsites= 8748
0.2059 0.0624 0.5763 0.1554
0.1384 0.1924 0.5946 0.0746
0.1619 0.2699 0.3139 0.2543
0.3283 0.2823 0.1309 0.2585
0.3553 0.2322 0.1231 0.2894
0.3683 0.2027 0.2715 0.1576
0.2173 0.3453 0.2832 0.1541

MOTIF filter2
letter-probability matrix: alength= 4 w= 7 nsites= 15209
0.2405 0.2896 0.1652 0.3047
0.4545 0.1284 0.2420 0.1750
0.4577 0.1360 0.2541 0.1522
0.5175 0.0555 0.3026 0.1244
0.2946 0.1025 0.2725 0.3304
0.0851 0.2335 0.2712 0.4102
0.0207 0.4123 0.1730 0.3939

MOTIF filter3
letter-probability matrix: alength= 4 w= 7 nsites= 45029
0.3086 0.2378 0.2225 0.2311
0.2828 0.2608 0.2222 0.2342
0.1648 0.3861 0.1402 0.3089
0.4184 0.2906 0.0705 0.2205
0.4784 0.2092 0.1458 0.1665
0.5199 0.0936 0.2604 0.1260
0.2167 0.1942 0.3332 0.2559

MOTIF filter4
letter-probability matrix: alength= 4 w= 7 nsites= 13712
0.3560 0.3011 0.1444 0.1985
0.3321 0.2999 0.1947 0.1732
0.2832 0.2177 0.2132 0.2859
0.1357 0.1515 0.4060 0.3068
0.1341 0.1032 0.5301 0.2326
0.2669 0.0359 0.5934 0.1037
0.4447 0.0921 0.4308 0.0324

MOTIF filter5
letter-probability matrix: alength= 4 w= 7 nsites= 21596
0.1922 0.2056 0.0666 0.5356
0.3301 0.1954 0.0497 0.4247
0.3247 0.2462 0.0105 0.4186
0.4209 0.2033 0.0119 0.3638
0.5070 0.1745 0.0087 0.3098
0.5815 0.1043 0.0642 0.2500
0.5434 0.1430 0.1137 0.1999

MOTIF filter6
letter-probability matrix: alength= 4 w= 7 nsites= 15845
0.5036 0.1809 0.0810 0.2345
0.3782 0.1178 0.2534 0.2506
0.3586 0.1907 0.2941 0.1567
0.3367 0.2043 0.2768 0.1822
0.3479 0.1435 0.3504 0.1582
0.3772 0.1196 0.3456 0.1575
0.4372 0.1683 0.3636 0.0310

MOTIF filter7
letter-probability matrix: alength= 4 w= 7 nsites= 19175
0.1718 0.0348 0.6280 0.1654
0.1958 0.0163 0.7032 0.0846
0.1848 0.0679 0.6966 0.0506
0.1512 0.2073 0.5646 0.0770
0.2670 0.2807 0.3905 0.0618
0.2882 0.3309 0.2455 0.1354
0.3029 0.3263 0.2151 0.1556

MOTIF filter8
letter-probability matrix: alength= 4 w= 7 nsites= 11623
0.4696 0.1294 0.3238 0.0772
0.6027 0.1146 0.2260 0.0566
0.5961 0.1988 0.0532 0.1520
0.3506 0.2677 0.1909 0.1908
0.2289 0.2710 0.2033 0.2967
0.2067 0.2110 0.3101 0.2723
0.2251 0.1469 0.3294 0.2986

MOTIF filter9
letter-probability matrix: alength= 4 w= 7 nsites= 14618
0.3265 0.1893 0.2652 0.2190
0.3160 0.1899 0.3096 0.1845
0.3646 0.1894 0.3062 0.1398
0.3608 0.1742 0.2965 0.1685
0.3017 0.3498 0.1803 0.1682
0.2723 0.3416 0.2247 0.1614
0.2658 0.2579 0.3081 0.1682

MOTIF filter10
letter-probability matrix: alength= 4 w= 7 nsites= 13551
0.2416 0.1991 0.1187 0.4406
0.0917 0.2443 0.0634 0.6007
0.0287 0.2873 0.0727 0.6113
0.0213 0.2949 0.1070 0.5768
0.0688 0.3236 0.1142 0.4933
0.3816 0.2294 0.0716 0.3174
0.4074 0.1986 0.2195 0.1745

MOTIF filter11
letter-probability matrix: alength= 4 w= 7 nsites= 22653
0.1586 0.2664 0.1539 0.4212
0.2968 0.2777 0.1396 0.2858
0.3343 0.2202 0.1172 0.3282
0.2747 0.3575 0.0976 0.2702
0.4200 0.2921 0.0695 0.2184
0.4390 0.2646 0.1385 0.1578
0.5006 0.0500 0.2614 0.1880

MOTIF filter12
letter-probability matrix: alength= 4 w= 7 nsites= 10546
0.0927 0.4262 0.2231 0.2580
0.1003 0.2687 0.3604 0.2706
0.2705 0.1646 0.3031 0.2617
0.2815 0.1715 0.2546 0.2924
0.2957 0.2813 0.1627 0.2602
0.2906 0.2374 0.2299 0.2421
0.4835 0.2023 0.2242 0.0900

MOTIF filter13
letter-probability matrix: alength= 4 w= 7 nsites= 33342
0.2247 0.3600 0.1129 0.3023
0.1623 0.4413 0.0645 0.3319
0.4316 0.2779 0.0286 0.2619
0.4048 0.2337 0.1156 0.2458
0.4973 0.0625 0.1810 0.2593
0.2521 0.1245 0.3022 0.3211
0.2726 0.1717 0.2764 0.2793

MOTIF filter14
letter-probability matrix: alength= 4 w= 7 nsites= 13831
0.2171 0.1164 0.5940 0.0725
0.0723 0.3545 0.4733 0.1000
0.1522 0.3802 0.2489 0.2186
0.1686 0.4585 0.0870 0.2859
0.4408 0.2291 0.0838 0.2463
0.3936 0.2516 0.2106 0.1443
0.4806 0.1198 0.2544 0.1452

MOTIF filter15
letter-probability matrix: alength= 4 w= 7 nsites= 10856
0.1387 0.3215 0.2769 0.2630
0.2931 0.2381 0.2529 0.2159
0.3500 0.1656 0.2005 0.2840
0.3785 0.1747 0.2092 0.2377
0.3673 0.1795 0.1480 0.3052
0.2877 0.3105 0.1096 0.2923
0.5076 0.1970 0.0555 0.2400

