MEME version 4

ALPHABET= ACGU

Background letter frequencies:
A 0.2763 C 0.1962 G 0.2019 U 0.3256

MOTIF filter0
letter-probability matrix: alength= 4 w= 7 nsites= 31496
0.3203 0.0750 0.0129 0.5917
0.0862 0.2721 0.5136 0.1281
0.4488 0.1235 0.3433 0.0844
0.0456 0.7109 0.2058 0.0377
0.2354 0.2460 0.0839 0.4347
0.5338 0.1740 0.0980 0.1942
0.6359 0.1810 0.1772 0.0060

MOTIF filter1
letter-probability matrix: alength= 4 w= 7 nsites= 23280
0.0603 0.6369 0.2649 0.0379
0.1147 0.7135 0.1107 0.0611
0.3145 0.0130 0.0706 0.6019
0.0505 0.1364 0.8039 0.0092
0.2173 0.2417 0.1165 0.4245
0.0920 0.2896 0.4857 0.1327
0.1169 0.4862 0.0419 0.3551

MOTIF filter2
letter-probability matrix: alength= 4 w= 7 nsites= 92881
0.2947 0.0131 0.3242 0.3680
0.0000 0.0000 1.0000 0.0000
0.3619 0.1713 0.2217 0.2451
0.0997 0.2131 0.4965 0.1908
0.2020 0.3105 0.1001 0.3874
0.2935 0.2481 0.2300 0.2284
0.3126 0.2152 0.2132 0.2589

MOTIF filter3
letter-probability matrix: alength= 4 w= 7 nsites= 33788
0.3249 0.0196 0.3332 0.3222
0.0863 0.0527 0.7232 0.1378
0.4075 0.1183 0.2034 0.2709
0.2719 0.0134 0.6535 0.0613
0.3301 0.1488 0.4580 0.0631
0.3822 0.2036 0.0393 0.3749
0.4914 0.0623 0.0750 0.3714

MOTIF filter4
letter-probability matrix: alength= 4 w= 7 nsites= 28932
0.6424 0.1228 0.1379 0.0969
0.4614 0.0208 0.0043 0.5135
0.4063 0.0213 0.5163 0.0561
0.3457 0.1565 0.3537 0.1440
0.2765 0.0748 0.0594 0.5893
0.1468 0.0616 0.7785 0.0131
0.5133 0.0379 0.0949 0.3538

MOTIF filter5
letter-probability matrix: alength= 4 w= 7 nsites= 68393
0.1084 0.0471 0.0035 0.8410
0.0936 0.0085 0.0821 0.8158
0.3379 0.1052 0.2245 0.3325
0.4962 0.0170 0.1489 0.3379
0.2525 0.0620 0.0629 0.6227
0.1927 0.0079 0.0981 0.7013
0.0804 0.1467 0.0657 0.7072

MOTIF filter6
letter-probability matrix: alength= 4 w= 7 nsites= 31771
0.6177 0.0448 0.0077 0.3298
0.1847 0.1456 0.5980 0.0717
0.2874 0.1595 0.4243 0.1288
0.5142 0.2666 0.1511 0.0681
0.5351 0.1332 0.0474 0.2844
0.3372 0.0419 0.1611 0.4598
0.3986 0.2311 0.1702 0.2001

MOTIF filter7
letter-probability matrix: alength= 4 w= 7 nsites= 20962
0.2946 0.3644 0.0901 0.2509
0.3123 0.0575 0.5325 0.0977
0.7039 0.0301 0.0685 0.1976
0.3877 0.0207 0.4189 0.1727
0.6368 0.1247 0.1313 0.1072
0.6074 0.3098 0.0817 0.0012
0.0404 0.0133 0.0013 0.9449

MOTIF filter8
letter-probability matrix: alength= 4 w= 7 nsites= 57313
0.4937 0.2563 0.0889 0.1611
0.3992 0.2184 0.2809 0.1015
0.1245 0.2519 0.2213 0.4024
0.1098 0.1468 0.2931 0.4504
0.0653 0.2463 0.3277 0.3607
0.2687 0.3925 0.2517 0.0871
0.2853 0.0668 0.0383 0.6096

MOTIF filter9
letter-probability matrix: alength= 4 w= 7 nsites= 28841
0.6221 0.1807 0.1448 0.0524
0.3890 0.0317 0.4225 0.1568
0.0111 0.1220 0.7713 0.0956
0.0423 0.1942 0.0141 0.7494
0.0472 0.2727 0.0551 0.6250
0.0979 0.0267 0.1644 0.7110
0.0645 0.2676 0.1862 0.4816

MOTIF filter10
letter-probability matrix: alength= 4 w= 7 nsites= 44346
0.1860 0.4005 0.0429 0.3706
0.5018 0.0014 0.0205 0.4763
0.2550 0.5668 0.0042 0.1740
0.3984 0.3207 0.0151 0.2659
0.3066 0.1590 0.2568 0.2775
0.2359 0.6086 0.0046 0.1508
0.1021 0.1420 0.0011 0.7548

MOTIF filter11
letter-probability matrix: alength= 4 w= 7 nsites= 70863
0.3659 0.1440 0.0131 0.4770
0.3637 0.1273 0.1154 0.3936
0.2308 0.1316 0.3843 0.2534
0.3113 0.2966 0.0606 0.3315
0.3219 0.2905 0.1246 0.2629
0.3301 0.3255 0.1163 0.2282
0.3016 0.2524 0.0857 0.3602

MOTIF filter12
letter-probability matrix: alength= 4 w= 7 nsites= 54355
0.3159 0.2089 0.2748 0.2004
0.1464 0.4090 0.0500 0.3946
0.9997 0.0002 0.0001 0.0000
0.0822 0.0006 0.5647 0.3525
0.2522 0.1391 0.4044 0.2042
0.0993 0.3868 0.3904 0.1235
0.3204 0.1498 0.0817 0.4481

MOTIF filter13
letter-probability matrix: alength= 4 w= 7 nsites= 27752
0.0218 0.1372 0.0935 0.7475
0.2552 0.4456 0.0650 0.2343
0.4861 0.1654 0.1137 0.2349
0.0776 0.0522 0.0144 0.8557
0.0212 0.4644 0.0586 0.4557
0.3175 0.0192 0.0023 0.6611
0.0227 0.4888 0.0329 0.4557

MOTIF filter14
letter-probability matrix: alength= 4 w= 7 nsites= 31097
0.2673 0.4556 0.2379 0.0393
0.0857 0.0313 0.0087 0.8743
0.0097 0.3074 0.6258 0.0570
0.0611 0.4855 0.2323 0.2211
0.0635 0.4890 0.0674 0.3801
0.3782 0.0924 0.1428 0.3866
0.0458 0.1467 0.6791 0.1284

MOTIF filter15
letter-probability matrix: alength= 4 w= 7 nsites= 42794
0.1467 0.3084 0.0155 0.5294
0.0636 0.4751 0.0134 0.4480
0.2325 0.0605 0.0789 0.6281
0.0004 0.0652 0.9318 0.0026
0.1714 0.2983 0.0726 0.4576
0.3468 0.0457 0.0178 0.5896
0.2920 0.1900 0.1464 0.3716

