MEME version 4

ALPHABET= ACGU

Background letter frequencies:
A 0.2465 C 0.2338 G 0.2466 U 0.2730

MOTIF filter0
letter-probability matrix: alength= 4 w= 7 nsites= 15840
0.3468 0.2688 0.2239 0.1604
0.3010 0.3587 0.1052 0.2350
0.3086 0.2591 0.1614 0.2708
0.1830 0.2515 0.2094 0.3561
0.2147 0.1030 0.3988 0.2835
0.1016 0.1300 0.5196 0.2488
0.1349 0.3508 0.4394 0.0749

MOTIF filter1
letter-probability matrix: alength= 4 w= 7 nsites= 17335
0.0356 0.3094 0.5412 0.1138
0.1425 0.2557 0.4947 0.1071
0.1629 0.1529 0.6001 0.0840
0.1686 0.1104 0.6046 0.1163
0.0692 0.2178 0.6025 0.1104
0.1342 0.2635 0.4301 0.1722
0.1238 0.4033 0.3064 0.1665

MOTIF filter2
letter-probability matrix: alength= 4 w= 7 nsites= 9706
0.1192 0.0854 0.6556 0.1399
0.3342 0.1489 0.4022 0.1147
0.3790 0.2254 0.1645 0.2311
0.3630 0.1756 0.2518 0.2096
0.2643 0.2270 0.2617 0.2471
0.4082 0.1462 0.3418 0.1037
0.3454 0.2063 0.2175 0.2308

MOTIF filter3
letter-probability matrix: alength= 4 w= 7 nsites= 10988
0.3620 0.3171 0.0724 0.2485
0.1631 0.5258 0.0527 0.2584
0.1647 0.5374 0.0618 0.2362
0.1456 0.5900 0.0705 0.1940
0.1816 0.4165 0.1954 0.2065
0.1908 0.2545 0.4238 0.1309
0.2779 0.2205 0.4388 0.0628

MOTIF filter4
letter-probability matrix: alength= 4 w= 7 nsites= 13615
0.2057 0.2873 0.2635 0.2436
0.2792 0.3699 0.1121 0.2389
0.1825 0.2830 0.3525 0.1820
0.1769 0.4670 0.3013 0.0548
0.0764 0.5024 0.2916 0.1296
0.1494 0.5658 0.0660 0.2188
0.3005 0.2732 0.1518 0.2744

MOTIF filter5
letter-probability matrix: alength= 4 w= 7 nsites= 19541
0.1218 0.5486 0.0147 0.3149
0.1469 0.4191 0.0153 0.4186
0.1086 0.3773 0.1541 0.3600
0.1515 0.2724 0.1785 0.3976
0.1282 0.4063 0.1785 0.2870
0.1121 0.5501 0.0397 0.2981
0.1305 0.4582 0.0401 0.3712

MOTIF filter6
letter-probability matrix: alength= 4 w= 7 nsites= 19662
0.0748 0.2383 0.1388 0.5481
0.0507 0.1667 0.1436 0.6390
0.1598 0.1294 0.1151 0.5957
0.2261 0.0845 0.2109 0.4785
0.3547 0.1451 0.2224 0.2778
0.3201 0.1593 0.1991 0.3214
0.2717 0.1592 0.1163 0.4528

MOTIF filter7
letter-probability matrix: alength= 4 w= 7 nsites= 18707
0.1990 0.6349 0.0296 0.1366
0.3089 0.4002 0.1516 0.1393
0.2129 0.4756 0.2565 0.0550
0.2378 0.3258 0.3102 0.1262
0.1615 0.3075 0.3345 0.1966
0.1314 0.2153 0.3761 0.2771
0.1061 0.1890 0.4587 0.2462

MOTIF filter8
letter-probability matrix: alength= 4 w= 7 nsites= 14353
0.1537 0.2152 0.3821 0.2489
0.1635 0.0701 0.4809 0.2856
0.1318 0.0673 0.5874 0.2136
0.2941 0.0786 0.3905 0.2368
0.4282 0.0879 0.3123 0.1717
0.5615 0.0888 0.2361 0.1135
0.4741 0.0697 0.3667 0.0895

MOTIF filter9
letter-probability matrix: alength= 4 w= 7 nsites= 17173
0.4309 0.0364 0.3662 0.1665
0.4677 0.0134 0.3790 0.1399
0.3664 0.1595 0.4030 0.0712
0.3424 0.2067 0.3332 0.1177
0.2168 0.2718 0.2472 0.2641
0.4217 0.1328 0.1808 0.2647
0.3435 0.0809 0.3339 0.2418

MOTIF filter10
letter-probability matrix: alength= 4 w= 7 nsites= 13508
0.1294 0.4838 0.1784 0.2084
0.0799 0.4692 0.2732 0.1777
0.2169 0.4584 0.2559 0.0688
0.2637 0.3814 0.2410 0.1139
0.2529 0.5147 0.1095 0.1229
0.0841 0.6170 0.1525 0.1464
0.0480 0.6428 0.2088 0.1004

MOTIF filter11
letter-probability matrix: alength= 4 w= 7 nsites= 15030
0.3036 0.3394 0.2808 0.0762
0.1924 0.4127 0.2071 0.1879
0.1914 0.4137 0.0735 0.3213
0.1361 0.3220 0.1044 0.4375
0.4042 0.1680 0.1037 0.3241
0.4382 0.1260 0.2975 0.1384
0.5653 0.1084 0.2423 0.0840

MOTIF filter12
letter-probability matrix: alength= 4 w= 7 nsites= 26062
0.1027 0.1358 0.3150 0.4466
0.1177 0.1865 0.2909 0.4049
0.1711 0.1533 0.2287 0.4469
0.2692 0.0704 0.1900 0.4703
0.2506 0.0172 0.3579 0.3744
0.2092 0.0816 0.2988 0.4104
0.1227 0.1618 0.3673 0.3482

MOTIF filter13
letter-probability matrix: alength= 4 w= 7 nsites= 21200
0.2498 0.0812 0.1331 0.5359
0.2143 0.1284 0.1837 0.4735
0.3219 0.2092 0.0940 0.3749
0.4447 0.1570 0.1361 0.2623
0.4023 0.2238 0.1361 0.2378
0.3354 0.2303 0.1907 0.2435
0.1212 0.3061 0.1202 0.4526

MOTIF filter14
letter-probability matrix: alength= 4 w= 7 nsites= 6302
0.2422 0.1841 0.3741 0.1997
0.2712 0.1919 0.3435 0.1935
0.1415 0.3067 0.4252 0.1267
0.1246 0.2946 0.5111 0.0696
0.1026 0.3411 0.4550 0.1013
0.1227 0.2872 0.3820 0.2081
0.1424 0.2226 0.3075 0.3275

MOTIF filter15
letter-probability matrix: alength= 4 w= 7 nsites= 13845
0.3828 0.1716 0.3907 0.0548
0.2683 0.2780 0.3932 0.0605
0.3267 0.3295 0.1988 0.1450
0.4314 0.2025 0.1947 0.1715
0.4265 0.1647 0.1904 0.2184
0.3764 0.3160 0.1316 0.1760
0.2438 0.4229 0.1488 0.1845

