MEME version 4

ALPHABET= ACGU

Background letter frequencies:
A 0.2714 C 0.1934 G 0.1966 U 0.3386

MOTIF filter0
letter-probability matrix: alength= 4 w= 7 nsites= 11654
0.1059 0.2812 0.0597 0.5533
0.0566 0.2763 0.2706 0.3965
0.0784 0.1945 0.3106 0.4165
0.1368 0.1713 0.3108 0.3811
0.2617 0.1519 0.0803 0.5061
0.3254 0.2783 0.0380 0.3583
0.2749 0.3207 0.0907 0.3137

MOTIF filter1
letter-probability matrix: alength= 4 w= 7 nsites= 8006
0.1432 0.2803 0.3999 0.1767
0.1700 0.2618 0.2305 0.3377
0.1137 0.2066 0.4034 0.2763
0.1655 0.2557 0.3361 0.2427
0.2923 0.2363 0.2665 0.2049
0.3909 0.3678 0.0576 0.1838
0.3268 0.2106 0.1416 0.3210

MOTIF filter2
letter-probability matrix: alength= 4 w= 7 nsites= 18160
0.3273 0.2330 0.0035 0.4362
0.3404 0.3155 0.0034 0.3407
0.3292 0.4133 0.0055 0.2520
0.2172 0.5443 0.0072 0.2312
0.3369 0.4644 0.0193 0.1794
0.3418 0.3828 0.1077 0.1676
0.3046 0.2658 0.1670 0.2627

MOTIF filter3
letter-probability matrix: alength= 4 w= 7 nsites= 18609
0.1010 0.2439 0.0054 0.6498
0.1338 0.1977 0.0072 0.6613
0.2260 0.1540 0.0161 0.6039
0.2442 0.1775 0.2202 0.3581
0.3044 0.0820 0.2396 0.3740
0.2551 0.2056 0.2602 0.2791
0.3379 0.2606 0.0766 0.3249

MOTIF filter4
letter-probability matrix: alength= 4 w= 7 nsites= 63672
0.2480 0.3022 0.1586 0.2912
0.2376 0.3275 0.1253 0.3096
0.2279 0.3472 0.1235 0.3014
0.2336 0.2558 0.1344 0.3762
0.1621 0.1419 0.4260 0.2699
0.1451 0.1504 0.4502 0.2543
0.1598 0.2430 0.4263 0.1708

MOTIF filter5
letter-probability matrix: alength= 4 w= 7 nsites= 17588
0.3515 0.2581 0.1403 0.2502
0.4067 0.1509 0.1697 0.2727
0.2515 0.1252 0.3818 0.2415
0.2791 0.0437 0.3587 0.3185
0.1485 0.0267 0.6126 0.2122
0.2533 0.1159 0.4109 0.2199
0.2871 0.2350 0.4124 0.0655

MOTIF filter6
letter-probability matrix: alength= 4 w= 7 nsites= 26938
0.1963 0.0683 0.0472 0.6881
0.2132 0.1265 0.0505 0.6098
0.2564 0.1861 0.0606 0.4968
0.1979 0.2717 0.0547 0.4756
0.1609 0.3197 0.0220 0.4974
0.1623 0.3375 0.0126 0.4876
0.2381 0.3111 0.0231 0.4277

MOTIF filter7
letter-probability matrix: alength= 4 w= 7 nsites= 18218
0.4069 0.1602 0.1433 0.2895
0.4262 0.1409 0.1905 0.2423
0.2886 0.2258 0.2328 0.2528
0.1624 0.2036 0.1433 0.4906
0.0972 0.1453 0.0834 0.6741
0.1289 0.0311 0.1775 0.6626
0.1960 0.0283 0.3590 0.4167

MOTIF filter8
letter-probability matrix: alength= 4 w= 7 nsites= 23416
0.2065 0.1330 0.5177 0.1427
0.3310 0.2226 0.2155 0.2308
0.3994 0.2455 0.0792 0.2759
0.3898 0.2959 0.0529 0.2614
0.3626 0.2465 0.0622 0.3288
0.2863 0.1909 0.2408 0.2819
0.2019 0.1136 0.4120 0.2725

MOTIF filter9
letter-probability matrix: alength= 4 w= 7 nsites= 24055
0.3910 0.3827 0.0003 0.2260
0.3428 0.3257 0.0003 0.3312
0.2115 0.3307 0.0007 0.4571
0.1898 0.2621 0.0021 0.5460
0.3203 0.1931 0.0123 0.4743
0.3116 0.2613 0.0867 0.3404
0.3266 0.2166 0.1511 0.3056

MOTIF filter10
letter-probability matrix: alength= 4 w= 7 nsites= 22108
0.1741 0.3280 0.2360 0.2619
0.4537 0.2602 0.1709 0.1152
0.4464 0.2131 0.1581 0.1823
0.4659 0.0992 0.1255 0.3093
0.1985 0.1557 0.2674 0.3784
0.3793 0.1977 0.1871 0.2359
0.4309 0.2523 0.1631 0.1537

MOTIF filter11
letter-probability matrix: alength= 4 w= 7 nsites= 10999
0.4564 0.2000 0.1187 0.2248
0.5215 0.2295 0.1055 0.1435
0.4832 0.3515 0.0751 0.0902
0.4177 0.4008 0.0200 0.1615
0.4527 0.2754 0.0969 0.1750
0.3325 0.1216 0.3677 0.1781
0.3645 0.1375 0.3737 0.1242

MOTIF filter12
letter-probability matrix: alength= 4 w= 7 nsites= 17217
0.1809 0.3630 0.0486 0.4074
0.1398 0.2602 0.0537 0.5464
0.1098 0.2759 0.0151 0.5992
0.0926 0.2661 0.0141 0.6272
0.0868 0.3162 0.0528 0.5442
0.0683 0.3991 0.0852 0.4474
0.0648 0.4418 0.1265 0.3668

MOTIF filter13
letter-probability matrix: alength= 4 w= 7 nsites= 41126
0.3768 0.0992 0.0178 0.5062
0.3221 0.1790 0.0186 0.4802
0.3437 0.1741 0.0051 0.4771
0.3685 0.1686 0.0322 0.4308
0.3619 0.1193 0.0518 0.4671
0.2819 0.1316 0.0848 0.5017
0.2177 0.1692 0.0941 0.5190

MOTIF filter14
letter-probability matrix: alength= 4 w= 7 nsites= 71121
0.2916 0.2506 0.1394 0.3183
0.3287 0.1975 0.1021 0.3718
0.2382 0.1131 0.3792 0.2695
0.2410 0.0992 0.3903 0.2694
0.2218 0.1524 0.4330 0.1927
0.3373 0.2340 0.1236 0.3051
0.3420 0.2475 0.0950 0.3155

MOTIF filter15
letter-probability matrix: alength= 4 w= 7 nsites= 24820
0.0837 0.3664 0.0097 0.5402
0.1405 0.3114 0.0333 0.5147
0.2592 0.1600 0.0674 0.5135
0.3998 0.1254 0.1042 0.3706
0.4881 0.1081 0.1624 0.2414
0.4769 0.2288 0.1585 0.1358
0.4692 0.2125 0.1417 0.1766

