MEME version 4

ALPHABET= ACGU

Background letter frequencies:
A 0.2877 C 0.1958 G 0.1901 U 0.3264

MOTIF filter0
letter-probability matrix: alength= 4 w= 7 nsites= 13701
0.4630 0.2285 0.0316 0.2768
0.4196 0.2010 0.0190 0.3603
0.2957 0.2738 0.0351 0.3954
0.1529 0.1764 0.0302 0.6405
0.2549 0.1827 0.0692 0.4931
0.4976 0.0428 0.0717 0.3880
0.4872 0.2565 0.1511 0.1051

MOTIF filter1
letter-probability matrix: alength= 4 w= 7 nsites= 18567
0.1527 0.2849 0.0475 0.5149
0.1491 0.2038 0.1942 0.4529
0.3147 0.1476 0.2479 0.2898
0.3447 0.1258 0.2854 0.2440
0.5436 0.0948 0.1984 0.1632
0.3961 0.0814 0.2854 0.2371
0.4466 0.0552 0.3322 0.1660

MOTIF filter2
letter-probability matrix: alength= 4 w= 7 nsites= 14600
0.1545 0.2506 0.2007 0.3942
0.2469 0.2573 0.1508 0.3451
0.2251 0.2449 0.2627 0.2673
0.4037 0.1469 0.1950 0.2544
0.2753 0.1034 0.4848 0.1365
0.2907 0.0302 0.5989 0.0801
0.1882 0.1089 0.6425 0.0604

MOTIF filter3
letter-probability matrix: alength= 4 w= 7 nsites= 8918
0.1879 0.1291 0.2960 0.3870
0.3069 0.1166 0.3189 0.2577
0.2440 0.0607 0.5397 0.1556
0.2802 0.1310 0.3543 0.2345
0.3192 0.1420 0.3310 0.2078
0.4455 0.1298 0.1967 0.2280
0.5462 0.0548 0.1967 0.2023

MOTIF filter4
letter-probability matrix: alength= 4 w= 7 nsites= 15729
0.5136 0.1530 0.1537 0.1797
0.5542 0.1239 0.2007 0.1213
0.5473 0.0495 0.2978 0.1054
0.3167 0.0400 0.5443 0.0989
0.3027 0.1906 0.4178 0.0889
0.4018 0.2210 0.3247 0.0524
0.5183 0.2448 0.1728 0.0641

MOTIF filter5
letter-probability matrix: alength= 4 w= 7 nsites= 11750
0.1873 0.4657 0.1907 0.1563
0.1951 0.3251 0.3114 0.1685
0.1767 0.2357 0.2406 0.3469
0.2283 0.1542 0.2154 0.4021
0.2860 0.0368 0.1898 0.4873
0.3310 0.0528 0.3330 0.2831
0.1687 0.1087 0.3049 0.4176

MOTIF filter6
letter-probability matrix: alength= 4 w= 7 nsites= 16040
0.0825 0.1072 0.4891 0.3212
0.2754 0.0958 0.4554 0.1733
0.3259 0.0952 0.2836 0.2954
0.4074 0.0110 0.3471 0.2344
0.2881 0.0201 0.2911 0.4006
0.2855 0.0234 0.3397 0.3514
0.2270 0.0431 0.3160 0.4139

MOTIF filter7
letter-probability matrix: alength= 4 w= 7 nsites= 18524
0.2620 0.2630 0.1215 0.3536
0.3610 0.3549 0.1185 0.1656
0.5444 0.2050 0.0381 0.2125
0.5162 0.2026 0.0127 0.2685
0.5070 0.0984 0.0043 0.3903
0.3722 0.0846 0.0580 0.4852
0.4214 0.0545 0.1563 0.3679

MOTIF filter8
letter-probability matrix: alength= 4 w= 7 nsites= 8624
0.2338 0.0194 0.4496 0.2973
0.2218 0.0141 0.5523 0.2118
0.1510 0.0478 0.5739 0.2273
0.1705 0.0411 0.3996 0.3887
0.1241 0.0657 0.5267 0.2835
0.1430 0.0932 0.4796 0.2842
0.2296 0.1437 0.5049 0.1218

MOTIF filter9
letter-probability matrix: alength= 4 w= 7 nsites= 18895
0.5127 0.0863 0.2439 0.1572
0.2979 0.0509 0.3687 0.2825
0.1883 0.0905 0.4526 0.2686
0.1985 0.1383 0.3741 0.2892
0.3118 0.2567 0.2636 0.1679
0.4450 0.2053 0.1477 0.2020
0.3223 0.1330 0.3940 0.1506

MOTIF filter10
letter-probability matrix: alength= 4 w= 7 nsites= 9386
0.2020 0.1945 0.1569 0.4466
0.2075 0.1691 0.0740 0.5494
0.2310 0.0754 0.1354 0.5583
0.2586 0.3158 0.1296 0.2961
0.1675 0.3351 0.1289 0.3685
0.3302 0.3576 0.0207 0.2915
0.3595 0.2535 0.0125 0.3745

MOTIF filter11
letter-probability matrix: alength= 4 w= 7 nsites= 14352
0.2207 0.1085 0.1316 0.5393
0.2172 0.1760 0.1350 0.4718
0.4329 0.1801 0.0945 0.2926
0.4443 0.2841 0.0801 0.1914
0.5269 0.2015 0.0462 0.2254
0.5659 0.1649 0.0429 0.2262
0.6424 0.0704 0.0644 0.2228

MOTIF filter12
letter-probability matrix: alength= 4 w= 7 nsites= 9984
0.1968 0.1589 0.3313 0.3130
0.2366 0.2550 0.2400 0.2684
0.2193 0.4045 0.1941 0.1821
0.1363 0.6248 0.0928 0.1461
0.0595 0.5588 0.1141 0.2676
0.1988 0.3517 0.0584 0.3911
0.4633 0.1187 0.0658 0.3522

MOTIF filter13
letter-probability matrix: alength= 4 w= 7 nsites= 14382
0.2061 0.2035 0.0432 0.5472
0.4472 0.1406 0.0169 0.3953
0.4965 0.2829 0.0145 0.2062
0.5667 0.2238 0.0206 0.1889
0.3077 0.2275 0.0371 0.4276
0.3232 0.1096 0.0478 0.5195
0.3254 0.0911 0.0453 0.5382

MOTIF filter14
letter-probability matrix: alength= 4 w= 7 nsites= 14843
0.1136 0.2215 0.4045 0.2605
0.1192 0.1571 0.4956 0.2281
0.1257 0.1311 0.4680 0.2751
0.0902 0.1818 0.5363 0.1917
0.1798 0.1718 0.3271 0.3213
0.1540 0.1095 0.4784 0.2580
0.1991 0.0863 0.4176 0.2970

MOTIF filter15
letter-probability matrix: alength= 4 w= 7 nsites= 10939
0.1797 0.1114 0.4423 0.2666
0.1657 0.1604 0.4629 0.2110
0.1397 0.2328 0.4440 0.1834
0.2455 0.3603 0.2626 0.1315
0.4320 0.2680 0.1246 0.1755
0.3627 0.1861 0.3811 0.0702
0.2700 0.0522 0.5511 0.1267

