MEME version 4

ALPHABET= ACGU

Background letter frequencies:
A 0.2854 C 0.1920 G 0.1997 U 0.3229

MOTIF filter0
letter-probability matrix: alength= 4 w= 7 nsites= 14959
0.2776 0.2929 0.1687 0.2608
0.2006 0.5017 0.1086 0.1891
0.2263 0.4246 0.0329 0.3161
0.3882 0.3121 0.0329 0.2668
0.4785 0.0537 0.0716 0.3962
0.5635 0.1229 0.0735 0.2401
0.5323 0.1867 0.0450 0.2360

MOTIF filter1
letter-probability matrix: alength= 4 w= 7 nsites= 15989
0.3144 0.0597 0.1274 0.4986
0.3225 0.1019 0.1849 0.3907
0.3225 0.1427 0.1223 0.4125
0.3171 0.1474 0.1009 0.4347
0.2673 0.1130 0.0249 0.5948
0.0986 0.1933 0.0760 0.6321
0.2410 0.2220 0.0890 0.4479

MOTIF filter2
letter-probability matrix: alength= 4 w= 7 nsites= 27638
0.2959 0.3137 0.2332 0.1573
0.2887 0.2999 0.2256 0.1858
0.3950 0.2109 0.1444 0.2497
0.2966 0.0937 0.4466 0.1630
0.2981 0.1598 0.4353 0.1068
0.2404 0.2490 0.4125 0.0981
0.3682 0.3417 0.0891 0.2010

MOTIF filter3
letter-probability matrix: alength= 4 w= 7 nsites= 41626
0.2633 0.2238 0.2145 0.2984
0.1740 0.2960 0.2453 0.2848
0.2179 0.2609 0.1863 0.3350
0.1523 0.1755 0.4387 0.2335
0.1758 0.1406 0.4559 0.2276
0.1545 0.2660 0.4518 0.1277
0.2278 0.3502 0.1299 0.2920

MOTIF filter4
letter-probability matrix: alength= 4 w= 7 nsites= 15120
0.3129 0.3118 0.0035 0.3717
0.3278 0.2680 0.0030 0.4012
0.4150 0.1582 0.0276 0.3992
0.4620 0.1960 0.1419 0.2001
0.4578 0.1863 0.1555 0.2003
0.4927 0.1156 0.1633 0.2284
0.6334 0.0903 0.0518 0.2245

MOTIF filter5
letter-probability matrix: alength= 4 w= 7 nsites= 10653
0.2290 0.2816 0.2488 0.2407
0.3232 0.2633 0.2007 0.2128
0.2463 0.0693 0.4109 0.2734
0.1641 0.0286 0.6203 0.1869
0.0372 0.1696 0.6242 0.1691
0.1147 0.3358 0.4011 0.1484
0.1492 0.4972 0.1085 0.2451

MOTIF filter6
letter-probability matrix: alength= 4 w= 7 nsites= 15168
0.1427 0.0247 0.6735 0.1592
0.2175 0.0911 0.4857 0.2057
0.2176 0.2466 0.2994 0.2364
0.2155 0.3291 0.1689 0.2864
0.2611 0.3581 0.0676 0.3132
0.1755 0.3290 0.1252 0.3704
0.2001 0.2987 0.1675 0.3336

MOTIF filter7
letter-probability matrix: alength= 4 w= 7 nsites= 11558
0.1104 0.0112 0.3486 0.5297
0.2691 0.0530 0.2833 0.3946
0.3618 0.1147 0.2622 0.2613
0.3992 0.1344 0.0917 0.3747
0.3823 0.2423 0.0474 0.3280
0.2993 0.2033 0.1770 0.3203
0.2254 0.2313 0.2274 0.3159

MOTIF filter8
letter-probability matrix: alength= 4 w= 7 nsites= 21413
0.1508 0.0430 0.5431 0.2631
0.1651 0.0224 0.5179 0.2946
0.1179 0.0385 0.6176 0.2260
0.2032 0.0860 0.3953 0.3155
0.2185 0.1027 0.4293 0.2495
0.2662 0.1228 0.2290 0.3819
0.1988 0.1649 0.2007 0.4356

MOTIF filter9
letter-probability matrix: alength= 4 w= 7 nsites= 20658
0.4803 0.2911 0.0962 0.1325
0.4548 0.2146 0.1105 0.2201
0.3818 0.2015 0.1172 0.2995
0.2948 0.1589 0.0530 0.4933
0.1918 0.2019 0.0409 0.5653
0.2308 0.1980 0.0330 0.5383
0.3494 0.2786 0.0227 0.3493

MOTIF filter10
letter-probability matrix: alength= 4 w= 7 nsites= 15469
0.2644 0.0682 0.5276 0.1397
0.2599 0.0598 0.4718 0.2085
0.1872 0.0962 0.5236 0.1929
0.3386 0.1328 0.2592 0.2694
0.3853 0.0919 0.2366 0.2862
0.3216 0.0686 0.3958 0.2141
0.3758 0.0862 0.3879 0.1501

MOTIF filter11
letter-probability matrix: alength= 4 w= 7 nsites= 14285
0.3024 0.1580 0.0740 0.4656
0.2754 0.3298 0.0395 0.3553
0.4311 0.3471 0.0227 0.1991
0.3610 0.4753 0.0513 0.1123
0.3028 0.3717 0.1862 0.1394
0.1468 0.2482 0.2405 0.3644
0.0740 0.1934 0.2853 0.4472

MOTIF filter12
letter-probability matrix: alength= 4 w= 7 nsites= 14966
0.2229 0.3631 0.0993 0.3147
0.1814 0.2736 0.3423 0.2027
0.2078 0.1216 0.3321 0.3385
0.1945 0.0814 0.2883 0.4358
0.3921 0.0359 0.0413 0.5306
0.3669 0.0431 0.0129 0.5771
0.3236 0.1444 0.0595 0.4725

MOTIF filter13
letter-probability matrix: alength= 4 w= 7 nsites= 27627
0.2092 0.0829 0.5736 0.1343
0.3352 0.1283 0.2855 0.2510
0.3859 0.1416 0.1489 0.3237
0.3145 0.1632 0.1090 0.4133
0.3198 0.1466 0.1834 0.3502
0.3191 0.1086 0.2537 0.3186
0.3820 0.1183 0.3058 0.1939

MOTIF filter14
letter-probability matrix: alength= 4 w= 7 nsites= 14107
0.3169 0.2321 0.1688 0.2822
0.2434 0.1246 0.4113 0.2207
0.2697 0.1087 0.4591 0.1625
0.2872 0.1140 0.4098 0.1891
0.2934 0.1084 0.4039 0.1944
0.3376 0.0334 0.3592 0.2697
0.2456 0.0422 0.5285 0.1838

MOTIF filter15
letter-probability matrix: alength= 4 w= 7 nsites= 67135
0.3500 0.1023 0.2731 0.2747
0.2726 0.0496 0.4904 0.1875
0.2809 0.0424 0.4924 0.1843
0.2731 0.0758 0.4707 0.1805
0.3914 0.1077 0.2078 0.2931
0.3613 0.1290 0.2051 0.3047
0.3702 0.1334 0.1801 0.3162

