MEME version 4

ALPHABET= ACGU

Background letter frequencies:
A 0.2805 C 0.1911 G 0.2080 U 0.3204

MOTIF filter0
letter-probability matrix: alength= 4 w= 7 nsites= 18308
0.3404 0.2311 0.1722 0.2563
0.2378 0.2327 0.2074 0.3221
0.2747 0.1822 0.1680 0.3751
0.3586 0.0446 0.1570 0.4399
0.3074 0.0588 0.1206 0.5133
0.3331 0.0587 0.0677 0.5405
0.3802 0.0546 0.0807 0.4845

MOTIF filter1
letter-probability matrix: alength= 4 w= 7 nsites= 22402
0.3071 0.1421 0.0360 0.5147
0.2025 0.0868 0.0398 0.6709
0.1102 0.1140 0.1827 0.5931
0.2773 0.0532 0.2180 0.4515
0.4366 0.0971 0.2349 0.2314
0.5736 0.0721 0.1857 0.1686
0.6023 0.0797 0.1583 0.1597

MOTIF filter2
letter-probability matrix: alength= 4 w= 7 nsites= 12809
0.2078 0.2984 0.2663 0.2276
0.1506 0.1850 0.4807 0.1837
0.1161 0.1221 0.4438 0.3180
0.0746 0.2412 0.4380 0.2462
0.1381 0.2660 0.2384 0.3576
0.1960 0.2694 0.1520 0.3826
0.2014 0.1621 0.2207 0.4157

MOTIF filter3
letter-probability matrix: alength= 4 w= 7 nsites= 33343
0.2337 0.0629 0.4134 0.2901
0.2619 0.0988 0.3823 0.2570
0.2804 0.0882 0.3092 0.3222
0.3870 0.1259 0.0506 0.4365
0.3573 0.0730 0.0747 0.4950
0.2747 0.1564 0.1434 0.4255
0.2177 0.1715 0.1053 0.5056

MOTIF filter4
letter-probability matrix: alength= 4 w= 7 nsites= 8605
0.1408 0.1487 0.0646 0.6460
0.1387 0.0843 0.2375 0.5394
0.2073 0.0922 0.2442 0.4563
0.1949 0.2717 0.1951 0.3383
0.3553 0.2515 0.0232 0.3700
0.2601 0.2722 0.2614 0.2064
0.3658 0.0700 0.2946 0.2696

MOTIF filter5
letter-probability matrix: alength= 4 w= 7 nsites= 40536
0.1825 0.1521 0.1991 0.4663
0.1294 0.0912 0.4895 0.2899
0.1784 0.0436 0.4451 0.3329
0.1824 0.1347 0.3896 0.2932
0.2528 0.1799 0.1157 0.4515
0.1627 0.2338 0.1485 0.4550
0.2291 0.1873 0.1925 0.3912

MOTIF filter6
letter-probability matrix: alength= 4 w= 7 nsites= 14618
0.2306 0.2214 0.2923 0.2556
0.2407 0.2152 0.0223 0.5218
0.3049 0.1154 0.0345 0.5452
0.3934 0.0951 0.0684 0.4432
0.4725 0.1101 0.1020 0.3154
0.3504 0.1582 0.1555 0.3359
0.2966 0.1219 0.1492 0.4323

MOTIF filter7
letter-probability matrix: alength= 4 w= 7 nsites= 12656
0.4007 0.2184 0.0811 0.2998
0.2798 0.1867 0.2274 0.3061
0.2887 0.0842 0.2808 0.3463
0.1335 0.0439 0.5484 0.2742
0.1830 0.1440 0.4233 0.2497
0.2269 0.2058 0.4268 0.1405
0.3002 0.3540 0.1482 0.1976

MOTIF filter8
letter-probability matrix: alength= 4 w= 7 nsites= 7042
0.3376 0.1611 0.3951 0.1062
0.1382 0.3345 0.4278 0.0995
0.1497 0.3253 0.2357 0.2892
0.1648 0.3445 0.2232 0.2675
0.2637 0.1988 0.2343 0.3032
0.3125 0.2286 0.2264 0.2325
0.5167 0.1460 0.0937 0.2435

MOTIF filter9
letter-probability matrix: alength= 4 w= 7 nsites= 6348
0.1215 0.2514 0.4633 0.1637
0.0686 0.3282 0.4696 0.1335
0.1113 0.4137 0.2368 0.2382
0.1321 0.4196 0.2862 0.1622
0.1270 0.4597 0.2489 0.1644
0.0551 0.6256 0.2621 0.0571
0.1537 0.5587 0.1119 0.1757

MOTIF filter10
letter-probability matrix: alength= 4 w= 7 nsites= 21581
0.3031 0.1074 0.1701 0.4194
0.3653 0.2106 0.1270 0.2971
0.4339 0.1829 0.0132 0.3700
0.5256 0.1353 0.0110 0.3281
0.4335 0.0778 0.0665 0.4221
0.3155 0.1384 0.1919 0.3542
0.1883 0.2009 0.2662 0.3445

MOTIF filter11
letter-probability matrix: alength= 4 w= 7 nsites= 50052
0.3884 0.1506 0.1088 0.3521
0.2653 0.1054 0.4197 0.2095
0.2795 0.1028 0.3834 0.2343
0.3039 0.1316 0.3591 0.2054
0.4240 0.1628 0.0726 0.3406
0.3685 0.1461 0.1293 0.3561
0.2560 0.1956 0.1663 0.3821

MOTIF filter12
letter-probability matrix: alength= 4 w= 7 nsites= 13212
0.3610 0.3147 0.0794 0.2449
0.3743 0.1336 0.3207 0.1713
0.3329 0.0269 0.5014 0.1388
0.2828 0.0547 0.6262 0.0362
0.3179 0.0953 0.4536 0.1332
0.4433 0.0934 0.2534 0.2099
0.4557 0.0814 0.1154 0.3475

MOTIF filter13
letter-probability matrix: alength= 4 w= 7 nsites= 17505
0.3868 0.3325 0.0948 0.1860
0.3747 0.2054 0.1116 0.3082
0.1970 0.0990 0.4182 0.2857
0.1594 0.0252 0.4846 0.3309
0.1198 0.0523 0.5867 0.2411
0.2607 0.0687 0.3857 0.2850
0.2921 0.0801 0.2989 0.3288

MOTIF filter14
letter-probability matrix: alength= 4 w= 7 nsites= 14251
0.2575 0.2143 0.0981 0.4300
0.1872 0.1976 0.2367 0.3785
0.2286 0.0969 0.3983 0.2763
0.1842 0.0791 0.3942 0.3424
0.2316 0.0697 0.2667 0.4319
0.2081 0.0783 0.1163 0.5973
0.2081 0.0554 0.2889 0.4476

MOTIF filter15
letter-probability matrix: alength= 4 w= 7 nsites= 11078
0.2797 0.0714 0.5679 0.0809
0.1885 0.0859 0.5762 0.1494
0.1185 0.1897 0.5328 0.1591
0.2063 0.1384 0.4657 0.1896
0.3253 0.1788 0.3542 0.1418
0.4240 0.1514 0.2158 0.2087
0.5049 0.1902 0.0788 0.2261

