MEME version 4

ALPHABET= ACGU

Background letter frequencies:
A 0.2691 C 0.2025 G 0.2118 U 0.3166

MOTIF filter0
letter-probability matrix: alength= 4 w= 7 nsites= 138762
0.1820 0.3646 0.4037 0.0498
0.2271 0.1366 0.1393 0.4970
0.4068 0.0286 0.3235 0.2411
0.3829 0.2805 0.0147 0.3219
0.4317 0.1155 0.2626 0.1903
0.2886 0.2147 0.3754 0.1214
0.2700 0.3483 0.1090 0.2728

MOTIF filter1
letter-probability matrix: alength= 4 w= 7 nsites= 100005
0.1313 0.1412 0.2447 0.4827
0.0782 0.8068 0.1034 0.0117
0.3125 0.0614 0.1294 0.4967
0.0486 0.5022 0.0549 0.3943
0.5293 0.0593 0.1443 0.2671
0.0929 0.2700 0.3218 0.3153
0.3492 0.1923 0.2062 0.2523

MOTIF filter2
letter-probability matrix: alength= 4 w= 7 nsites= 97450
0.1059 0.2460 0.6074 0.0407
0.4198 0.3356 0.1475 0.0971
0.2923 0.6162 0.0519 0.0396
0.5325 0.1765 0.1541 0.1369
0.5141 0.0011 0.3963 0.0886
0.1191 0.0546 0.6574 0.1690
0.6865 0.0448 0.2053 0.0634

MOTIF filter3
letter-probability matrix: alength= 4 w= 7 nsites= 60892
0.1311 0.2910 0.1450 0.4329
0.0475 0.1130 0.7173 0.1222
0.0805 0.2256 0.0867 0.6071
0.0436 0.0364 0.0554 0.8646
0.0012 0.6740 0.0130 0.3118
0.0099 0.2331 0.0251 0.7319
0.3021 0.0088 0.3666 0.3224

MOTIF filter4
letter-probability matrix: alength= 4 w= 7 nsites= 21262
0.1190 0.0268 0.5965 0.2577
0.3057 0.0219 0.0192 0.6532
0.1143 0.7583 0.0982 0.0292
0.3006 0.1147 0.1963 0.3884
0.0448 0.1761 0.6647 0.1144
0.0593 0.1656 0.1727 0.6025
0.1103 0.0986 0.2380 0.5531

MOTIF filter5
letter-probability matrix: alength= 4 w= 7 nsites= 102750
0.1775 0.0329 0.7734 0.0162
0.1997 0.2021 0.5778 0.0204
0.3624 0.4769 0.1544 0.0062
0.5891 0.1825 0.0674 0.1610
0.0757 0.2082 0.0540 0.6622
0.0411 0.5167 0.0633 0.3789
0.3114 0.2582 0.1964 0.2341

MOTIF filter6
letter-probability matrix: alength= 4 w= 7 nsites= 154913
0.2600 0.0004 0.7325 0.0071
0.1794 0.1832 0.6075 0.0299
0.0008 0.1536 0.0009 0.8446
0.3104 0.1906 0.1580 0.3410
0.4195 0.1834 0.0820 0.3150
0.1894 0.2497 0.3402 0.2206
0.2485 0.2247 0.1256 0.4012

MOTIF filter7
letter-probability matrix: alength= 4 w= 7 nsites= 90424
0.1857 0.3920 0.0797 0.3426
0.0147 0.4182 0.5664 0.0008
0.0777 0.3516 0.0743 0.4963
0.0226 0.5452 0.4123 0.0199
0.0982 0.1246 0.1867 0.5904
0.2428 0.3193 0.3085 0.1295
0.1815 0.4554 0.1734 0.1898

MOTIF filter8
letter-probability matrix: alength= 4 w= 7 nsites= 210695
0.4189 0.2012 0.1326 0.2473
0.4233 0.2397 0.0109 0.3261
0.4592 0.0572 0.0248 0.4587
0.5143 0.0280 0.0100 0.4478
0.4253 0.2306 0.0893 0.2548
0.5450 0.1042 0.1056 0.2452
0.4493 0.1616 0.0913 0.2978

MOTIF filter9
letter-probability matrix: alength= 4 w= 7 nsites= 177716
0.1487 0.1858 0.0574 0.6081
0.0768 0.0727 0.0364 0.8142
0.0907 0.0231 0.0186 0.8676
0.0364 0.0121 0.0011 0.9504
0.0576 0.2919 0.0226 0.6279
0.4179 0.0376 0.0475 0.4971
0.2554 0.1174 0.0521 0.5751

MOTIF filter10
letter-probability matrix: alength= 4 w= 7 nsites= 59486
0.2068 0.0147 0.5934 0.1851
0.0889 0.1659 0.0579 0.6873
0.7523 0.0125 0.0315 0.2037
0.0570 0.2666 0.2390 0.4374
0.0137 0.0359 0.5858 0.3646
0.0799 0.0156 0.0511 0.8534
0.4516 0.0192 0.0857 0.4435

MOTIF filter11
letter-probability matrix: alength= 4 w= 7 nsites= 76775
0.1321 0.0636 0.6959 0.1084
0.2866 0.0628 0.3442 0.3065
0.5185 0.2767 0.0737 0.1311
0.5467 0.0898 0.2490 0.1145
0.0080 0.1195 0.8710 0.0015
0.2273 0.0929 0.0000 0.6798
0.1533 0.1190 0.7278 0.0000

MOTIF filter12
letter-probability matrix: alength= 4 w= 7 nsites= 64872
0.8962 0.0991 0.0007 0.0039
0.0850 0.0001 0.0836 0.8313
0.2042 0.5955 0.0747 0.1256
0.2368 0.4192 0.1155 0.2286
0.5457 0.0797 0.1099 0.2647
0.0902 0.2723 0.3183 0.3193
0.3366 0.1425 0.2215 0.2993

MOTIF filter13
letter-probability matrix: alength= 4 w= 7 nsites= 95284
0.2953 0.1584 0.2402 0.3061
0.2240 0.1739 0.1241 0.4779
0.0811 0.0827 0.0000 0.8362
0.0000 0.0275 0.0000 0.9725
0.7496 0.0218 0.0000 0.2286
0.1591 0.4102 0.0247 0.4059
0.2735 0.1914 0.3749 0.1603

MOTIF filter14
letter-probability matrix: alength= 4 w= 7 nsites= 89569
0.3165 0.0074 0.1311 0.5450
0.3416 0.0040 0.0276 0.6268
0.0867 0.0996 0.3994 0.4144
0.3271 0.0739 0.3561 0.2429
0.0254 0.3088 0.4837 0.1821
0.5755 0.1431 0.2497 0.0318
0.0299 0.0621 0.7862 0.1218

MOTIF filter15
letter-probability matrix: alength= 4 w= 7 nsites= 220604
0.3875 0.4707 0.0742 0.0676
0.4165 0.1269 0.0083 0.4483
0.0537 0.1047 0.8284 0.0131
0.3281 0.2252 0.2103 0.2364
0.3165 0.1702 0.3078 0.2054
0.2539 0.1941 0.3548 0.1971
0.3166 0.1197 0.4160 0.1476

