MEME version 4

ALPHABET= ACGU

Background letter frequencies:
A 0.2564 C 0.2022 G 0.2282 U 0.3131

MOTIF filter0
letter-probability matrix: alength= 4 w= 7 nsites= 17886
0.2610 0.2984 0.0967 0.3439
0.1559 0.3915 0.0481 0.4045
0.3478 0.2852 0.0836 0.2833
0.2609 0.1407 0.3949 0.2034
0.2598 0.0254 0.6418 0.0731
0.1222 0.1062 0.6941 0.0775
0.2197 0.1819 0.4499 0.1484

MOTIF filter1
letter-probability matrix: alength= 4 w= 7 nsites= 18436
0.2851 0.1574 0.2180 0.3395
0.1541 0.1869 0.3816 0.2774
0.0837 0.1678 0.3140 0.4344
0.0711 0.1068 0.3434 0.4787
0.0786 0.0499 0.1287 0.7428
0.0663 0.0278 0.2100 0.6959
0.0906 0.0928 0.2066 0.6101

MOTIF filter2
letter-probability matrix: alength= 4 w= 7 nsites= 11024
0.1268 0.1575 0.6711 0.0446
0.1044 0.1750 0.4111 0.3095
0.0812 0.2874 0.2051 0.4263
0.1793 0.1960 0.0945 0.5303
0.1925 0.3060 0.1381 0.3633
0.2106 0.2958 0.1883 0.3053
0.1289 0.2921 0.1805 0.3985

MOTIF filter3
letter-probability matrix: alength= 4 w= 7 nsites= 14274
0.1729 0.0640 0.3281 0.4349
0.1817 0.0570 0.0863 0.6750
0.2521 0.1350 0.1613 0.4516
0.3204 0.0981 0.1511 0.4304
0.4216 0.1338 0.1815 0.2631
0.3230 0.0658 0.1539 0.4572
0.1664 0.1375 0.2366 0.4595

MOTIF filter4
letter-probability matrix: alength= 4 w= 7 nsites= 9388
0.1848 0.1025 0.4497 0.2629
0.1782 0.1993 0.4820 0.1404
0.0930 0.4048 0.3145 0.1877
0.3362 0.3704 0.1189 0.1744
0.3193 0.2359 0.2991 0.1457
0.3690 0.0242 0.4750 0.1318
0.1219 0.1073 0.5048 0.2660

MOTIF filter5
letter-probability matrix: alength= 4 w= 7 nsites= 14684
0.1490 0.0385 0.3670 0.4455
0.1015 0.0376 0.4309 0.4299
0.1324 0.0306 0.2219 0.6151
0.1086 0.0480 0.3990 0.4444
0.2048 0.0393 0.4280 0.3279
0.3024 0.0709 0.5509 0.0758
0.3197 0.2013 0.3913 0.0877

MOTIF filter6
letter-probability matrix: alength= 4 w= 7 nsites= 14561
0.1771 0.2610 0.2221 0.3399
0.2362 0.1846 0.1979 0.3813
0.1698 0.1472 0.0373 0.6457
0.0796 0.1442 0.1372 0.6389
0.0139 0.0584 0.1384 0.7894
0.1195 0.1291 0.2067 0.5447
0.2042 0.1704 0.1786 0.4468

MOTIF filter7
letter-probability matrix: alength= 4 w= 7 nsites= 14476
0.2881 0.1642 0.2032 0.3445
0.3148 0.1744 0.1607 0.3500
0.1956 0.1594 0.1698 0.4751
0.1829 0.3111 0.1164 0.3896
0.2372 0.2635 0.1275 0.3718
0.2436 0.2372 0.3660 0.1532
0.2275 0.0514 0.6047 0.1164

MOTIF filter8
letter-probability matrix: alength= 4 w= 7 nsites= 22902
0.1039 0.0516 0.0143 0.8303
0.1387 0.1449 0.0351 0.6813
0.2015 0.1602 0.0714 0.5669
0.2237 0.1831 0.1632 0.4300
0.3298 0.1565 0.2000 0.3137
0.2658 0.2455 0.2932 0.1954
0.3190 0.2636 0.2696 0.1478

MOTIF filter9
letter-probability matrix: alength= 4 w= 7 nsites= 7930
0.1581 0.3392 0.1361 0.3666
0.0841 0.2128 0.3596 0.3436
0.1926 0.1166 0.3370 0.3538
0.2470 0.2533 0.4258 0.0739
0.2913 0.3828 0.1552 0.1708
0.1349 0.2963 0.2136 0.3552
0.1047 0.2090 0.1633 0.5229

MOTIF filter10
letter-probability matrix: alength= 4 w= 7 nsites= 7046
0.1465 0.1209 0.2540 0.4786
0.1767 0.0986 0.4573 0.2674
0.2126 0.0460 0.6119 0.1295
0.1786 0.0597 0.6301 0.1316
0.1617 0.1166 0.4157 0.3060
0.1348 0.1345 0.2911 0.4397
0.1043 0.1512 0.0797 0.6648

MOTIF filter11
letter-probability matrix: alength= 4 w= 7 nsites= 15352
0.3112 0.1364 0.3190 0.2335
0.2800 0.1257 0.4736 0.1207
0.1679 0.2099 0.4548 0.1674
0.2096 0.2217 0.3190 0.2497
0.2157 0.1692 0.1539 0.4612
0.1745 0.0875 0.0736 0.6644
0.2467 0.0329 0.0321 0.6883

MOTIF filter12
letter-probability matrix: alength= 4 w= 7 nsites= 14078
0.1942 0.1477 0.3730 0.2851
0.2654 0.1154 0.2777 0.3416
0.2360 0.1095 0.4768 0.1777
0.2358 0.0511 0.3789 0.3342
0.1963 0.0389 0.3249 0.4399
0.1707 0.0263 0.0529 0.7501
0.1071 0.0359 0.1152 0.7419

MOTIF filter13
letter-probability matrix: alength= 4 w= 7 nsites= 12624
0.2609 0.0862 0.2102 0.4427
0.3232 0.2554 0.2319 0.1895
0.1749 0.3625 0.3152 0.1474
0.1330 0.3165 0.1848 0.3657
0.0672 0.2379 0.1310 0.5640
0.1734 0.2243 0.0597 0.5425
0.2112 0.3315 0.1213 0.3360

MOTIF filter14
letter-probability matrix: alength= 4 w= 7 nsites= 31335
0.1728 0.1127 0.2153 0.4992
0.1320 0.1104 0.1093 0.6483
0.1328 0.0464 0.2385 0.5822
0.1209 0.1326 0.2475 0.4989
0.1778 0.2178 0.3502 0.2542
0.1588 0.2127 0.2676 0.3610
0.1232 0.1744 0.3447 0.3577

MOTIF filter15
letter-probability matrix: alength= 4 w= 7 nsites= 7613
0.2845 0.0823 0.2897 0.3434
0.0832 0.1674 0.3297 0.4197
0.0939 0.2124 0.3985 0.2953
0.1087 0.1625 0.1750 0.5538
0.0845 0.1627 0.2233 0.5295
0.0935 0.2074 0.2724 0.4267
0.0646 0.2120 0.5104 0.2129

