MEME version 4

ALPHABET= ACGU

Background letter frequencies:
A 0.2717 C 0.2001 G 0.2201 U 0.3081

MOTIF filter0
letter-probability matrix: alength= 4 w= 7 nsites= 41135
0.1828 0.0154 0.4202 0.3816
0.1640 0.0152 0.7859 0.0349
0.7048 0.1376 0.1041 0.0535
0.3038 0.1154 0.3141 0.2668
0.6136 0.1215 0.1984 0.0665
0.5645 0.3487 0.0393 0.0474
0.2310 0.1070 0.1183 0.5437

MOTIF filter1
letter-probability matrix: alength= 4 w= 7 nsites= 54769
0.0406 0.0418 0.1971 0.7204
0.0451 0.3854 0.0173 0.5522
0.1611 0.5719 0.0883 0.1787
0.1810 0.6711 0.0423 0.1056
0.6779 0.1223 0.0175 0.1824
0.2549 0.0382 0.6839 0.0231
0.4206 0.1274 0.0644 0.3876

MOTIF filter2
letter-probability matrix: alength= 4 w= 7 nsites= 314984
0.2510 0.1903 0.1745 0.3841
0.3012 0.0387 0.1844 0.4758
0.0000 0.0000 1.0000 0.0000
0.4186 0.2005 0.0000 0.3809
0.3631 0.2099 0.0517 0.3753
0.2802 0.1752 0.2149 0.3297
0.2759 0.2004 0.2134 0.3104

MOTIF filter3
letter-probability matrix: alength= 4 w= 7 nsites= 68844
0.3084 0.0319 0.4137 0.2461
0.1189 0.0137 0.5821 0.2852
0.5603 0.1240 0.2883 0.0274
0.0928 0.5826 0.2105 0.1141
0.0584 0.0470 0.0038 0.8908
0.2649 0.1707 0.5592 0.0052
0.7323 0.0840 0.1390 0.0447

MOTIF filter4
letter-probability matrix: alength= 4 w= 7 nsites= 221414
0.4654 0.0450 0.0780 0.4116
0.0000 0.0001 0.9999 0.0000
0.4094 0.1495 0.2455 0.1956
0.4925 0.0503 0.1823 0.2749
0.3206 0.1055 0.2998 0.2740
0.3058 0.1851 0.1027 0.4064
0.2440 0.1140 0.2234 0.4186

MOTIF filter5
letter-probability matrix: alength= 4 w= 7 nsites= 44796
0.1058 0.6815 0.0067 0.2060
0.1270 0.1325 0.0396 0.7008
0.0464 0.4869 0.3529 0.1138
0.0301 0.1291 0.3630 0.4778
0.2640 0.2404 0.3635 0.1321
0.0537 0.3410 0.2799 0.3254
0.0520 0.7012 0.0727 0.1741

MOTIF filter6
letter-probability matrix: alength= 4 w= 7 nsites= 70908
0.0757 0.2550 0.2755 0.3938
0.0643 0.4885 0.0588 0.3883
0.4393 0.1771 0.1571 0.2265
0.6820 0.1163 0.0148 0.1870
0.6309 0.0593 0.0142 0.2956
0.4169 0.2443 0.0499 0.2890
0.1420 0.4903 0.3490 0.0186

MOTIF filter7
letter-probability matrix: alength= 4 w= 7 nsites= 72319
0.4242 0.5573 0.0054 0.0131
0.3600 0.1100 0.0406 0.4895
0.0394 0.0127 0.2132 0.7347
0.2034 0.0039 0.1311 0.6616
0.0221 0.2898 0.2731 0.4150
0.1615 0.3717 0.3917 0.0751
0.1523 0.1482 0.4137 0.2858

MOTIF filter8
letter-probability matrix: alength= 4 w= 7 nsites= 63574
0.1230 0.2934 0.4879 0.0956
0.8199 0.0010 0.0525 0.1266
0.3426 0.0742 0.3334 0.2498
0.4255 0.2251 0.2528 0.0966
0.2647 0.2652 0.3701 0.1001
0.1454 0.0145 0.3513 0.4888
0.0638 0.2238 0.6585 0.0540

MOTIF filter9
letter-probability matrix: alength= 4 w= 7 nsites= 301313
0.2192 0.1869 0.3056 0.2883
0.3179 0.1364 0.1801 0.3656
0.2552 0.2328 0.2203 0.2916
0.4116 0.0602 0.0411 0.4870
0.0000 0.0000 1.0000 0.0000
0.3748 0.2813 0.0000 0.3439
0.3954 0.2066 0.0630 0.3350

MOTIF filter10
letter-probability matrix: alength= 4 w= 7 nsites= 89251
0.4326 0.1409 0.0802 0.3464
0.1542 0.4266 0.3814 0.0378
0.1300 0.2768 0.0862 0.5070
0.0527 0.5904 0.2827 0.0741
0.1203 0.4641 0.0099 0.4057
0.3046 0.0112 0.0196 0.6646
0.0139 0.4033 0.1377 0.4451

MOTIF filter11
letter-probability matrix: alength= 4 w= 7 nsites= 102968
0.2052 0.4132 0.1544 0.2271
0.1070 0.2784 0.0126 0.6020
0.1494 0.0983 0.7428 0.0094
0.2937 0.0601 0.3735 0.2726
0.0019 0.0040 0.9935 0.0006
0.4300 0.2796 0.1052 0.1852
0.3406 0.2332 0.1204 0.3059

MOTIF filter12
letter-probability matrix: alength= 4 w= 7 nsites= 48322
0.1281 0.0428 0.6769 0.1523
0.1143 0.1845 0.6090 0.0922
0.0936 0.6658 0.1019 0.1387
0.1333 0.4000 0.1040 0.3627
0.5405 0.1774 0.1225 0.1596
0.4476 0.0882 0.4372 0.0269
0.2530 0.2518 0.2621 0.2332

MOTIF filter13
letter-probability matrix: alength= 4 w= 7 nsites= 39848
0.1546 0.7579 0.0326 0.0550
0.4226 0.1857 0.1513 0.2403
0.5217 0.1130 0.2611 0.1042
0.2380 0.0498 0.6631 0.0491
0.4238 0.0435 0.3926 0.1402
0.6160 0.1146 0.0394 0.2299
0.0712 0.0262 0.5305 0.3721

MOTIF filter14
letter-probability matrix: alength= 4 w= 7 nsites= 48044
0.0711 0.0601 0.4453 0.4235
0.1083 0.8218 0.0386 0.0313
0.2153 0.0167 0.0318 0.7362
0.0454 0.0228 0.8331 0.0987
0.1526 0.1784 0.5724 0.0967
0.7318 0.0644 0.1226 0.0812
0.2981 0.1397 0.2867 0.2755

MOTIF filter15
letter-probability matrix: alength= 4 w= 7 nsites= 147428
0.3432 0.0471 0.0749 0.5349
0.1268 0.4244 0.0444 0.4044
0.7214 0.2186 0.0000 0.0599
0.4080 0.0492 0.0692 0.4736
0.2326 0.3247 0.0129 0.4298
0.1751 0.2746 0.0336 0.5167
0.1264 0.3556 0.0463 0.4717

