MEME version 4

ALPHABET= ACGU

Background letter frequencies:
A 0.2717 C 0.2095 G 0.2229 U 0.2959

MOTIF filter0
letter-probability matrix: alength= 4 w= 7 nsites= 37058
0.2929 0.3330 0.1922 0.1819
0.3409 0.4053 0.0548 0.1989
0.3893 0.3397 0.0455 0.2255
0.2644 0.2014 0.3581 0.1761
0.2570 0.1834 0.3662 0.1934
0.1893 0.2479 0.3956 0.1673
0.2691 0.3383 0.1226 0.2700

MOTIF filter1
letter-probability matrix: alength= 4 w= 7 nsites= 17113
0.2368 0.1850 0.2406 0.3376
0.4573 0.1469 0.0946 0.3012
0.4614 0.1728 0.0171 0.3488
0.5897 0.0988 0.0945 0.2169
0.4623 0.1114 0.2269 0.1995
0.5181 0.0721 0.2385 0.1712
0.4772 0.1145 0.1787 0.2296

MOTIF filter2
letter-probability matrix: alength= 4 w= 7 nsites= 31280
0.5127 0.1864 0.0741 0.2268
0.5790 0.1793 0.0019 0.2398
0.4130 0.2125 0.0021 0.3724
0.4801 0.0847 0.0386 0.3966
0.3631 0.1577 0.0961 0.3831
0.3071 0.1931 0.1427 0.3571
0.2353 0.2433 0.1926 0.3289

MOTIF filter3
letter-probability matrix: alength= 4 w= 7 nsites= 19919
0.6233 0.0955 0.1332 0.1480
0.4462 0.1372 0.2856 0.1309
0.4560 0.0776 0.3609 0.1055
0.3484 0.1654 0.4557 0.0305
0.4654 0.1964 0.2819 0.0563
0.3825 0.2731 0.1802 0.1642
0.4848 0.2266 0.0964 0.1922

MOTIF filter4
letter-probability matrix: alength= 4 w= 7 nsites= 9605
0.0585 0.2626 0.1388 0.5401
0.2705 0.0916 0.1966 0.4414
0.3601 0.0337 0.1764 0.4298
0.3449 0.1091 0.3048 0.2412
0.2425 0.1420 0.3887 0.2269
0.3408 0.1458 0.4348 0.0786
0.4173 0.1652 0.3190 0.0986

MOTIF filter5
letter-probability matrix: alength= 4 w= 7 nsites= 17007
0.2872 0.1769 0.3477 0.1882
0.1752 0.1785 0.3907 0.2557
0.0649 0.1606 0.5354 0.2391
0.0713 0.1252 0.5569 0.2465
0.2239 0.1187 0.4414 0.2160
0.3301 0.2151 0.1580 0.2968
0.3177 0.2464 0.0436 0.3922

MOTIF filter6
letter-probability matrix: alength= 4 w= 7 nsites= 16901
0.1730 0.1523 0.4909 0.1837
0.1164 0.3623 0.2932 0.2281
0.0590 0.4756 0.1261 0.3393
0.0645 0.5981 0.0295 0.3078
0.1145 0.4892 0.0431 0.3533
0.0962 0.4577 0.0969 0.3491
0.1189 0.3482 0.1894 0.3434

MOTIF filter7
letter-probability matrix: alength= 4 w= 7 nsites= 17903
0.3630 0.0798 0.4731 0.0840
0.3335 0.0792 0.3802 0.2071
0.0994 0.2866 0.4170 0.1970
0.1886 0.3816 0.0892 0.3405
0.2168 0.4010 0.1602 0.2219
0.3061 0.2451 0.2502 0.1986
0.3600 0.2326 0.3216 0.0858

MOTIF filter8
letter-probability matrix: alength= 4 w= 7 nsites= 23485
0.4767 0.1072 0.3158 0.1002
0.6627 0.1232 0.1661 0.0480
0.5303 0.1972 0.1644 0.1081
0.3726 0.1608 0.1269 0.3397
0.1264 0.2423 0.2064 0.4249
0.1670 0.1960 0.1101 0.5270
0.2828 0.1991 0.1521 0.3660

MOTIF filter9
letter-probability matrix: alength= 4 w= 7 nsites= 12961
0.2693 0.1216 0.1999 0.4093
0.4569 0.1358 0.2447 0.1627
0.4221 0.1381 0.2190 0.2209
0.3115 0.1539 0.1652 0.3695
0.2302 0.1384 0.1809 0.4504
0.3147 0.1719 0.1178 0.3956
0.3427 0.1310 0.1377 0.3887

MOTIF filter10
letter-probability matrix: alength= 4 w= 7 nsites= 11410
0.0889 0.3557 0.0546 0.5008
0.0824 0.4085 0.1276 0.3815
0.2566 0.2221 0.1922 0.3291
0.2143 0.0851 0.4487 0.2519
0.2316 0.1041 0.5403 0.1240
0.1312 0.1913 0.6150 0.0624
0.2726 0.1924 0.3973 0.1376

MOTIF filter11
letter-probability matrix: alength= 4 w= 7 nsites= 13158
0.3279 0.1418 0.3503 0.1799
0.3692 0.0898 0.4955 0.0454
0.2278 0.1591 0.5024 0.1108
0.3071 0.1655 0.2709 0.2566
0.2746 0.1926 0.2275 0.3053
0.1539 0.1914 0.2358 0.4190
0.1276 0.2899 0.1719 0.4106

MOTIF filter12
letter-probability matrix: alength= 4 w= 7 nsites= 13964
0.2924 0.0355 0.5102 0.1619
0.1686 0.0619 0.5712 0.1983
0.1854 0.0832 0.4589 0.2725
0.1483 0.1318 0.4700 0.2499
0.1118 0.1627 0.4813 0.2442
0.1865 0.2041 0.4670 0.1424
0.2869 0.1376 0.4806 0.0949

MOTIF filter13
letter-probability matrix: alength= 4 w= 7 nsites= 17271
0.2739 0.1140 0.3488 0.2633
0.2155 0.0252 0.3755 0.3837
0.1515 0.1118 0.5193 0.2173
0.2924 0.1125 0.3103 0.2847
0.1966 0.1992 0.2934 0.3107
0.2238 0.1917 0.1148 0.4696
0.1386 0.3132 0.0629 0.4852

MOTIF filter14
letter-probability matrix: alength= 4 w= 7 nsites= 26912
0.5095 0.0089 0.1044 0.3772
0.4761 0.0094 0.2840 0.2305
0.4829 0.0070 0.2666 0.2435
0.4273 0.0254 0.2477 0.2997
0.4743 0.0343 0.1134 0.3781
0.4102 0.0372 0.0960 0.4566
0.3620 0.0633 0.1164 0.4583

MOTIF filter15
letter-probability matrix: alength= 4 w= 7 nsites= 8467
0.0838 0.3124 0.3151 0.2887
0.0616 0.2379 0.5567 0.1438
0.0643 0.2255 0.4611 0.2491
0.0663 0.2584 0.4380 0.2373
0.1572 0.4214 0.1751 0.2463
0.2334 0.4395 0.1301 0.1970
0.2102 0.2961 0.3730 0.1206

