MEME version 4

ALPHABET= ACGU

Background letter frequencies:
A 0.2717 C 0.2095 G 0.2229 U 0.2959

MOTIF filter0
letter-probability matrix: alength= 4 w= 7 nsites= 10160
0.1711 0.4066 0.0576 0.3647
0.1534 0.3481 0.0799 0.4186
0.1984 0.1263 0.1171 0.5581
0.2154 0.1311 0.2692 0.3843
0.1416 0.1611 0.3821 0.3152
0.1434 0.0819 0.5785 0.1962
0.1774 0.1497 0.5307 0.1422

MOTIF filter1
letter-probability matrix: alength= 4 w= 7 nsites= 51123
0.2364 0.1026 0.4214 0.2396
0.2163 0.1816 0.4519 0.1503
0.3244 0.2813 0.1488 0.2455
0.2990 0.2500 0.0929 0.3581
0.2823 0.1935 0.1544 0.3697
0.2274 0.1865 0.2091 0.3771
0.2309 0.1737 0.2979 0.2976

MOTIF filter2
letter-probability matrix: alength= 4 w= 7 nsites= 10185
0.2109 0.1677 0.3207 0.3006
0.1138 0.1774 0.4157 0.2931
0.3012 0.1777 0.2440 0.2771
0.3002 0.3068 0.2126 0.1804
0.3576 0.3148 0.1504 0.1772
0.2362 0.3222 0.2448 0.1968
0.2573 0.1281 0.3704 0.2442

MOTIF filter3
letter-probability matrix: alength= 4 w= 7 nsites= 25409
0.3290 0.1367 0.2930 0.2413
0.2387 0.1677 0.3216 0.2719
0.2300 0.2745 0.2308 0.2646
0.2274 0.3724 0.1578 0.2425
0.2413 0.3772 0.0552 0.3263
0.2538 0.2911 0.1064 0.3487
0.1707 0.1653 0.3281 0.3359

MOTIF filter4
letter-probability matrix: alength= 4 w= 7 nsites= 13603
0.2582 0.1853 0.1193 0.4372
0.1436 0.1063 0.1232 0.6269
0.2222 0.1950 0.1402 0.4426
0.2190 0.3029 0.0866 0.3914
0.3047 0.3478 0.1329 0.2145
0.2211 0.2484 0.1269 0.4036
0.1823 0.1426 0.3184 0.3566

MOTIF filter5
letter-probability matrix: alength= 4 w= 7 nsites= 25075
0.2916 0.2573 0.1060 0.3450
0.2178 0.1506 0.3743 0.2573
0.2563 0.1173 0.3963 0.2300
0.1507 0.2227 0.4119 0.2147
0.2731 0.2642 0.0874 0.3752
0.2013 0.2019 0.1998 0.3969
0.2325 0.1193 0.2661 0.3821

MOTIF filter6
letter-probability matrix: alength= 4 w= 7 nsites= 16739
0.2241 0.1444 0.5065 0.1249
0.3597 0.1834 0.2269 0.2300
0.3559 0.1730 0.1212 0.3499
0.3722 0.1694 0.0432 0.4152
0.3133 0.1573 0.0762 0.4532
0.3310 0.2257 0.1546 0.2887
0.2312 0.3111 0.1491 0.3087

MOTIF filter7
letter-probability matrix: alength= 4 w= 7 nsites= 47629
0.3279 0.0936 0.3763 0.2022
0.3553 0.0673 0.4142 0.1632
0.2824 0.1114 0.4949 0.1114
0.3658 0.1906 0.2099 0.2337
0.3297 0.2321 0.1638 0.2743
0.3284 0.2441 0.1365 0.2910
0.4082 0.2291 0.1326 0.2301

MOTIF filter8
letter-probability matrix: alength= 4 w= 7 nsites= 21446
0.3282 0.2073 0.2270 0.2375
0.3292 0.2185 0.2524 0.1998
0.3846 0.1836 0.2225 0.2093
0.3811 0.2783 0.1685 0.1720
0.2606 0.5779 0.0786 0.0829
0.2028 0.5697 0.0587 0.1689
0.1686 0.4110 0.1059 0.3146

MOTIF filter9
letter-probability matrix: alength= 4 w= 7 nsites= 15027
0.4442 0.1915 0.1041 0.2601
0.6252 0.1381 0.0679 0.1687
0.5961 0.2569 0.0232 0.1238
0.5776 0.2203 0.0446 0.1575
0.3269 0.2385 0.1363 0.2983
0.4921 0.0759 0.1461 0.2859
0.3447 0.2582 0.1086 0.2885

MOTIF filter10
letter-probability matrix: alength= 4 w= 7 nsites= 17629
0.4412 0.2371 0.0088 0.3129
0.1980 0.2384 0.2886 0.2749
0.2047 0.0778 0.3415 0.3760
0.1641 0.1023 0.4604 0.2732
0.2872 0.2096 0.2247 0.2784
0.3477 0.2389 0.2512 0.1623
0.3501 0.2956 0.1731 0.1811

MOTIF filter11
letter-probability matrix: alength= 4 w= 7 nsites= 16314
0.1830 0.0549 0.6302 0.1319
0.0917 0.1346 0.6364 0.1373
0.0777 0.2063 0.4671 0.2489
0.1902 0.2466 0.1834 0.3798
0.1539 0.2445 0.3190 0.2826
0.2264 0.2930 0.2433 0.2373
0.1378 0.3876 0.3103 0.1643

MOTIF filter12
letter-probability matrix: alength= 4 w= 7 nsites= 17860
0.1254 0.2286 0.4262 0.2199
0.2185 0.3336 0.1735 0.2743
0.2570 0.2997 0.1659 0.2774
0.2380 0.2263 0.3527 0.1831
0.1832 0.2164 0.4154 0.1851
0.0840 0.2814 0.4695 0.1651
0.1635 0.3302 0.3013 0.2050

MOTIF filter13
letter-probability matrix: alength= 4 w= 7 nsites= 24945
0.3054 0.0553 0.5124 0.1269
0.3247 0.1159 0.3691 0.1903
0.2556 0.2161 0.2653 0.2631
0.3079 0.2688 0.1053 0.3181
0.3279 0.2587 0.1198 0.2935
0.4632 0.1546 0.1973 0.1849
0.3641 0.0776 0.4804 0.0779

MOTIF filter14
letter-probability matrix: alength= 4 w= 7 nsites= 15946
0.1735 0.2276 0.4125 0.1864
0.2349 0.2595 0.3313 0.1744
0.2651 0.2396 0.2962 0.1991
0.3446 0.1329 0.2554 0.2671
0.3258 0.1229 0.1574 0.3939
0.4268 0.0872 0.1897 0.2964
0.3527 0.1958 0.1335 0.3179

MOTIF filter15
letter-probability matrix: alength= 4 w= 7 nsites= 13115
0.2087 0.1900 0.2037 0.3976
0.1585 0.1539 0.3156 0.3720
0.0460 0.2300 0.3932 0.3308
0.0505 0.3639 0.4396 0.1460
0.1889 0.3788 0.2690 0.1634
0.2440 0.3865 0.1743 0.1952
0.2903 0.2393 0.1281 0.3423

