MEME version 4

ALPHABET= ACGU

Background letter frequencies:
A 0.2502 C 0.2243 G 0.2430 U 0.2824

MOTIF filter0
letter-probability matrix: alength= 4 w= 7 nsites= 18620
0.0074 0.0128 0.7127 0.2671
0.2901 0.4929 0.0725 0.1444
0.2912 0.3337 0.0032 0.3719
0.0206 0.2823 0.6673 0.0298
0.2394 0.1615 0.5642 0.0350
0.0839 0.2329 0.3109 0.3723
0.2288 0.3010 0.2561 0.2142

MOTIF filter1
letter-probability matrix: alength= 4 w= 7 nsites= 16766
0.0552 0.5671 0.0298 0.3479
0.2504 0.0123 0.0726 0.6648
0.2320 0.0359 0.6688 0.0634
0.4936 0.0610 0.2920 0.1534
0.2553 0.0916 0.1546 0.4986
0.1674 0.0462 0.0228 0.7636
0.0255 0.0798 0.0377 0.8569

MOTIF filter2
letter-probability matrix: alength= 4 w= 7 nsites= 11544
0.0592 0.7370 0.0920 0.1118
0.0506 0.0621 0.1754 0.7120
0.0530 0.1206 0.5243 0.3020
0.4454 0.2755 0.1711 0.1080
0.3616 0.0378 0.0971 0.5035
0.1478 0.0281 0.1643 0.6599
0.0338 0.0657 0.4305 0.4700

MOTIF filter3
letter-probability matrix: alength= 4 w= 7 nsites= 19243
0.5589 0.1208 0.0079 0.3124
0.1707 0.2160 0.0041 0.6092
0.3881 0.0441 0.2881 0.2797
0.0251 0.0061 0.0560 0.9128
0.1924 0.0732 0.0607 0.6737
0.4285 0.0400 0.2406 0.2909
0.3732 0.0179 0.2741 0.3349

MOTIF filter4
letter-probability matrix: alength= 4 w= 7 nsites= 30490
0.5822 0.1587 0.0389 0.2201
0.2914 0.0539 0.2989 0.3558
0.4116 0.2544 0.1839 0.1501
0.3595 0.2147 0.0505 0.3753
0.2305 0.0311 0.0585 0.6799
0.3183 0.1636 0.3350 0.1831
0.0053 0.1488 0.0861 0.7598

MOTIF filter5
letter-probability matrix: alength= 4 w= 7 nsites= 15900
0.0194 0.5971 0.1328 0.2506
0.0367 0.7547 0.0214 0.1873
0.0140 0.5004 0.1197 0.3659
0.2460 0.0409 0.4859 0.2271
0.4844 0.2635 0.2259 0.0262
0.5678 0.2220 0.0087 0.2016
0.3190 0.0507 0.3938 0.2364

MOTIF filter6
letter-probability matrix: alength= 4 w= 7 nsites= 15512
0.1141 0.2318 0.4597 0.1943
0.1510 0.1234 0.5457 0.1799
0.0088 0.1850 0.0166 0.7897
0.1152 0.1406 0.4034 0.3408
0.0414 0.0719 0.0402 0.8465
0.1078 0.4033 0.4439 0.0451
0.3944 0.0622 0.0920 0.4515

MOTIF filter7
letter-probability matrix: alength= 4 w= 7 nsites= 15325
0.2906 0.0756 0.5075 0.1264
0.0986 0.4811 0.2071 0.2132
0.0124 0.7614 0.2098 0.0164
0.0320 0.3957 0.1296 0.4427
0.2691 0.2287 0.2626 0.2395
0.3653 0.2611 0.1705 0.2031
0.2290 0.0628 0.5030 0.2052

MOTIF filter8
letter-probability matrix: alength= 4 w= 7 nsites= 13353
0.2155 0.1857 0.1211 0.4777
0.3525 0.0095 0.2365 0.4015
0.0874 0.1559 0.7258 0.0309
0.1209 0.1405 0.1875 0.5511
0.0518 0.4453 0.1942 0.3087
0.5462 0.0803 0.3074 0.0660
0.0571 0.1279 0.4167 0.3982

MOTIF filter9
letter-probability matrix: alength= 4 w= 7 nsites= 13975
0.2112 0.6458 0.0694 0.0736
0.3846 0.0829 0.1090 0.4234
0.0524 0.3550 0.0539 0.5387
0.0913 0.1378 0.2751 0.4958
0.6755 0.2070 0.0403 0.0772
0.0557 0.4176 0.3143 0.2124
0.0711 0.0236 0.3392 0.5661

MOTIF filter10
letter-probability matrix: alength= 4 w= 7 nsites= 19630
0.0040 0.4834 0.4946 0.0181
0.3718 0.0480 0.2868 0.2934
0.0582 0.4930 0.0390 0.4098
0.1134 0.2875 0.2467 0.3524
0.1787 0.1351 0.3176 0.3687
0.1227 0.0713 0.1605 0.6455
0.5953 0.1850 0.1578 0.0618

MOTIF filter11
letter-probability matrix: alength= 4 w= 7 nsites= 31775
0.4300 0.0029 0.1714 0.3957
0.1711 0.0423 0.3139 0.4728
0.0857 0.7704 0.0009 0.1430
0.0950 0.4731 0.0526 0.3792
0.3130 0.1043 0.2112 0.3714
0.2699 0.1153 0.5122 0.1026
0.3364 0.1224 0.3463 0.1949

MOTIF filter12
letter-probability matrix: alength= 4 w= 7 nsites= 28206
0.0889 0.3769 0.2462 0.2881
0.0124 0.4100 0.2403 0.3374
0.0909 0.7481 0.0102 0.1507
0.3110 0.0370 0.0206 0.6314
0.0612 0.3079 0.3687 0.2622
0.1381 0.5842 0.0537 0.2240
0.1231 0.4045 0.0989 0.3735

MOTIF filter13
letter-probability matrix: alength= 4 w= 7 nsites= 18611
0.3057 0.0642 0.3447 0.2855
0.0380 0.0033 0.0552 0.9036
0.0285 0.0367 0.7026 0.2322
0.4372 0.0165 0.1530 0.3932
0.3047 0.2292 0.4360 0.0300
0.3909 0.0748 0.0644 0.4699
0.1166 0.0991 0.4474 0.3368

MOTIF filter14
letter-probability matrix: alength= 4 w= 7 nsites= 14883
0.3586 0.4179 0.1370 0.0866
0.5994 0.0664 0.0112 0.3230
0.0270 0.2939 0.2551 0.4239
0.0550 0.1789 0.3899 0.3762
0.0515 0.0793 0.2970 0.5723
0.2315 0.1910 0.3997 0.1777
0.2678 0.2648 0.2574 0.2100

MOTIF filter15
letter-probability matrix: alength= 4 w= 7 nsites= 19565
0.0897 0.7608 0.0372 0.1123
0.6316 0.1305 0.1536 0.0844
0.0188 0.2733 0.6815 0.0264
0.0243 0.3992 0.3533 0.2233
0.2289 0.3081 0.1619 0.3010
0.2748 0.4570 0.1448 0.1234
0.1777 0.0784 0.4262 0.3176

