MEME version 4

ALPHABET= ACGU

Background letter frequencies:
A 0.2653 C 0.2136 G 0.2294 U 0.2917

MOTIF filter0
letter-probability matrix: alength= 4 w= 7 nsites= 24194
0.1313 0.4025 0.2660 0.2002
0.2225 0.3895 0.1451 0.2430
0.4801 0.2638 0.1172 0.1389
0.4504 0.2253 0.1377 0.1866
0.5564 0.1819 0.1245 0.1373
0.4875 0.2092 0.1412 0.1621
0.5455 0.1458 0.1654 0.1432

MOTIF filter1
letter-probability matrix: alength= 4 w= 7 nsites= 67288
0.1471 0.2305 0.2253 0.3971
0.1896 0.2131 0.1871 0.4102
0.1825 0.1691 0.3229 0.3255
0.1885 0.1196 0.3172 0.3747
0.1358 0.0829 0.4813 0.3001
0.1813 0.0944 0.3403 0.3840
0.1699 0.1608 0.3473 0.3220

MOTIF filter2
letter-probability matrix: alength= 4 w= 7 nsites= 50162
0.1058 0.3137 0.2250 0.3555
0.1256 0.5090 0.2191 0.1463
0.3071 0.4877 0.0464 0.1588
0.3701 0.4260 0.0633 0.1406
0.4119 0.2739 0.1668 0.1475
0.3097 0.1996 0.1462 0.3445
0.2416 0.1432 0.1902 0.4250

MOTIF filter3
letter-probability matrix: alength= 4 w= 7 nsites= 59772
0.4498 0.0996 0.1944 0.2561
0.3722 0.0529 0.1958 0.3791
0.3415 0.0599 0.3370 0.2616
0.5023 0.0829 0.1686 0.2462
0.4590 0.1245 0.1703 0.2462
0.4251 0.1857 0.0222 0.3669
0.4416 0.1927 0.0218 0.3439

MOTIF filter4
letter-probability matrix: alength= 4 w= 7 nsites= 34523
0.2617 0.0620 0.1645 0.5119
0.1280 0.0140 0.2968 0.5612
0.0976 0.0328 0.3273 0.5424
0.0465 0.0298 0.2939 0.6298
0.2639 0.0548 0.1264 0.5549
0.2973 0.0284 0.2747 0.3996
0.3978 0.0720 0.3603 0.1699

MOTIF filter5
letter-probability matrix: alength= 4 w= 7 nsites= 66704
0.1693 0.1842 0.3228 0.3237
0.1480 0.1513 0.3271 0.3736
0.1862 0.1524 0.2807 0.3807
0.2986 0.2012 0.0717 0.4284
0.3444 0.2043 0.0593 0.3920
0.2877 0.1713 0.1755 0.3656
0.1830 0.0906 0.4341 0.2924

MOTIF filter6
letter-probability matrix: alength= 4 w= 7 nsites= 265974
0.2788 0.1108 0.3858 0.2245
0.3385 0.1319 0.1953 0.3343
0.2654 0.1055 0.3214 0.3077
0.2068 0.1290 0.3481 0.3161
0.2270 0.1877 0.3199 0.2654
0.2763 0.2059 0.2815 0.2363
0.2912 0.2261 0.2834 0.1993

MOTIF filter7
letter-probability matrix: alength= 4 w= 7 nsites= 49239
0.2540 0.2918 0.1180 0.3363
0.2094 0.1785 0.0438 0.5684
0.1660 0.1119 0.0463 0.6759
0.0341 0.0530 0.2663 0.6467
0.1867 0.1482 0.2899 0.3751
0.2917 0.1886 0.3007 0.2190
0.4895 0.1782 0.1468 0.1854

MOTIF filter8
letter-probability matrix: alength= 4 w= 7 nsites= 67754
0.2476 0.3021 0.3172 0.1331
0.2550 0.3561 0.2232 0.1656
0.3504 0.2193 0.2557 0.1746
0.2324 0.2315 0.2870 0.2491
0.2380 0.2443 0.1595 0.3582
0.1506 0.3017 0.0681 0.4796
0.1630 0.3331 0.0129 0.4910

MOTIF filter9
letter-probability matrix: alength= 4 w= 7 nsites= 57859
0.2395 0.1581 0.5250 0.0774
0.2179 0.2015 0.3681 0.2126
0.2370 0.2414 0.2197 0.3020
0.2582 0.1773 0.3010 0.2634
0.3207 0.1186 0.3791 0.1816
0.3184 0.0979 0.4939 0.0898
0.2424 0.1678 0.4451 0.1447

MOTIF filter10
letter-probability matrix: alength= 4 w= 7 nsites= 54807
0.2351 0.1872 0.0342 0.5434
0.2346 0.2074 0.1483 0.4097
0.3166 0.2514 0.1403 0.2916
0.4140 0.2043 0.1433 0.2383
0.4447 0.1868 0.0536 0.3148
0.2972 0.0889 0.2435 0.3704
0.2092 0.1090 0.3081 0.3737

MOTIF filter11
letter-probability matrix: alength= 4 w= 7 nsites= 93779
0.3422 0.1556 0.1974 0.3048
0.3547 0.2069 0.2354 0.2030
0.4152 0.2341 0.2069 0.1438
0.3240 0.1992 0.3424 0.1344
0.4467 0.1073 0.3043 0.1417
0.3084 0.1236 0.4809 0.0871
0.4151 0.0945 0.3042 0.1861

MOTIF filter12
letter-probability matrix: alength= 4 w= 7 nsites= 50929
0.1373 0.3352 0.0141 0.5134
0.1137 0.3771 0.0204 0.4889
0.3285 0.1639 0.0199 0.4877
0.3872 0.1894 0.1086 0.3148
0.3769 0.1544 0.1633 0.3054
0.2493 0.1459 0.3380 0.2668
0.2168 0.2280 0.3025 0.2527

MOTIF filter13
letter-probability matrix: alength= 4 w= 7 nsites= 34299
0.4021 0.1442 0.1681 0.2855
0.3836 0.2318 0.2776 0.1069
0.2633 0.2665 0.3232 0.1470
0.1000 0.1679 0.6039 0.1282
0.2452 0.0705 0.4340 0.2502
0.3165 0.0545 0.3614 0.2676
0.4086 0.2053 0.1189 0.2672

MOTIF filter14
letter-probability matrix: alength= 4 w= 7 nsites= 63655
0.4149 0.2933 0.0622 0.2296
0.4584 0.2640 0.0608 0.2167
0.4591 0.1760 0.0582 0.3067
0.3780 0.1070 0.0769 0.4380
0.2361 0.0981 0.2714 0.3945
0.2710 0.0497 0.3123 0.3670
0.3525 0.0491 0.4295 0.1689

MOTIF filter15
letter-probability matrix: alength= 4 w= 7 nsites= 36370
0.3347 0.0997 0.3054 0.2603
0.3111 0.1548 0.1786 0.3556
0.1194 0.0877 0.2469 0.5460
0.1151 0.2422 0.1792 0.4635
0.2671 0.2003 0.2611 0.2715
0.2172 0.2328 0.3683 0.1816
0.1860 0.2604 0.3864 0.1672

