MEME version 4

ALPHABET= ACGU

Background letter frequencies:
A 0.2853 C 0.1843 G 0.1991 U 0.3314

MOTIF filter0
letter-probability matrix: alength= 4 w= 7 nsites= 11059
0.1991 0.3178 0.0906 0.3925
0.1453 0.2938 0.0789 0.4821
0.1814 0.2656 0.1323 0.4207
0.2743 0.0697 0.3219 0.3341
0.1910 0.0492 0.5613 0.1985
0.1459 0.0485 0.5949 0.2107
0.2563 0.0861 0.4234 0.2342

MOTIF filter1
letter-probability matrix: alength= 4 w= 7 nsites= 23294
0.3939 0.2192 0.1990 0.1879
0.4577 0.1285 0.3381 0.0758
0.4090 0.0429 0.5382 0.0099
0.3779 0.0581 0.3797 0.1843
0.3442 0.0870 0.3257 0.2430
0.3939 0.1219 0.2079 0.2762
0.3927 0.1338 0.2854 0.1880

MOTIF filter2
letter-probability matrix: alength= 4 w= 7 nsites= 14376
0.2566 0.0414 0.5017 0.2002
0.2455 0.1643 0.4007 0.1895
0.2029 0.3020 0.3807 0.1144
0.4126 0.3353 0.0594 0.1928
0.3565 0.2383 0.2334 0.1718
0.3803 0.1773 0.3214 0.1210
0.3243 0.2588 0.3343 0.0825

MOTIF filter3
letter-probability matrix: alength= 4 w= 7 nsites= 13469
0.3088 0.3156 0.1140 0.2616
0.2363 0.2754 0.2195 0.2688
0.1824 0.0756 0.3111 0.4309
0.0473 0.0721 0.6090 0.2717
0.2359 0.0529 0.4810 0.2302
0.2397 0.1326 0.4941 0.1337
0.2864 0.1348 0.2521 0.3267

MOTIF filter4
letter-probability matrix: alength= 4 w= 7 nsites= 13131
0.3603 0.0938 0.1323 0.4136
0.2656 0.1198 0.0547 0.5600
0.2799 0.0895 0.2799 0.3507
0.1647 0.1224 0.2674 0.4455
0.3089 0.1868 0.2624 0.2419
0.2885 0.3243 0.0174 0.3697
0.3734 0.2837 0.0209 0.3220

MOTIF filter5
letter-probability matrix: alength= 4 w= 7 nsites= 12891
0.3001 0.0624 0.3694 0.2680
0.2983 0.0744 0.4781 0.1493
0.2606 0.0760 0.4390 0.2244
0.2405 0.2226 0.1995 0.3373
0.2537 0.2924 0.0371 0.4167
0.2251 0.2849 0.0128 0.4772
0.2052 0.2308 0.0078 0.5563

MOTIF filter6
letter-probability matrix: alength= 4 w= 7 nsites= 8092
0.1019 0.2399 0.4226 0.2357
0.0946 0.2225 0.3950 0.2879
0.1607 0.3116 0.1644 0.3633
0.1591 0.1575 0.1506 0.5329
0.1886 0.1291 0.2925 0.3898
0.1056 0.0593 0.5215 0.3136
0.0879 0.0986 0.6348 0.1787

MOTIF filter7
letter-probability matrix: alength= 4 w= 7 nsites= 17474
0.2295 0.1409 0.1627 0.4669
0.1564 0.1684 0.3743 0.3009
0.2470 0.0926 0.3825 0.2779
0.1930 0.0887 0.6044 0.1139
0.3067 0.1655 0.3979 0.1299
0.2744 0.1928 0.3652 0.1676
0.4048 0.2744 0.0850 0.2358

MOTIF filter8
letter-probability matrix: alength= 4 w= 7 nsites= 18494
0.2960 0.1932 0.1068 0.4039
0.2673 0.1439 0.0150 0.5739
0.3257 0.1665 0.1143 0.3936
0.2421 0.1406 0.1351 0.4822
0.4674 0.0955 0.1661 0.2711
0.5666 0.0923 0.0739 0.2672
0.7569 0.0765 0.0482 0.1184

MOTIF filter9
letter-probability matrix: alength= 4 w= 7 nsites= 8656
0.3196 0.1393 0.3794 0.1617
0.2374 0.1245 0.5068 0.1313
0.2350 0.1339 0.4385 0.1926
0.0983 0.3273 0.4125 0.1620
0.2727 0.3510 0.1404 0.2358
0.4353 0.2942 0.0258 0.2447
0.4517 0.3005 0.0172 0.2306

MOTIF filter10
letter-probability matrix: alength= 4 w= 7 nsites= 11814
0.2973 0.3281 0.1806 0.1941
0.1977 0.4508 0.1707 0.1809
0.2367 0.4834 0.1195 0.1604
0.2390 0.6215 0.1169 0.0227
0.3600 0.4279 0.0810 0.1312
0.3166 0.3523 0.1603 0.1708
0.4624 0.2252 0.1271 0.1852

MOTIF filter11
letter-probability matrix: alength= 4 w= 7 nsites= 17846
0.3268 0.3049 0.0949 0.2734
0.4201 0.4078 0.0920 0.0802
0.3641 0.4406 0.0058 0.1895
0.4365 0.3907 0.0075 0.1653
0.2760 0.3826 0.0897 0.2517
0.2275 0.2743 0.1182 0.3800
0.1681 0.1778 0.1384 0.5157

MOTIF filter12
letter-probability matrix: alength= 4 w= 7 nsites= 10274
0.5413 0.1709 0.0536 0.2342
0.6366 0.1711 0.0558 0.1365
0.4472 0.2792 0.0662 0.2074
0.4543 0.2265 0.0461 0.2731
0.2243 0.2577 0.2196 0.2984
0.1453 0.2001 0.3297 0.3249
0.1435 0.1520 0.5112 0.1933

MOTIF filter13
letter-probability matrix: alength= 4 w= 7 nsites= 5352
0.3295 0.0523 0.3245 0.2937
0.3536 0.1919 0.1313 0.3232
0.4074 0.2192 0.1341 0.2394
0.1699 0.2153 0.3889 0.2259
0.1609 0.1131 0.3747 0.3512
0.2588 0.1434 0.3730 0.2248
0.2758 0.3482 0.1271 0.2489

MOTIF filter14
letter-probability matrix: alength= 4 w= 7 nsites= 25202
0.2829 0.2839 0.0391 0.3940
0.2493 0.2724 0.0215 0.4568
0.1927 0.1664 0.3442 0.2967
0.2034 0.0480 0.3523 0.3962
0.2254 0.1308 0.4126 0.2312
0.3051 0.1683 0.1235 0.4031
0.3095 0.2228 0.1539 0.3138

MOTIF filter15
letter-probability matrix: alength= 4 w= 7 nsites= 9804
0.2981 0.3331 0.0961 0.2726
0.4520 0.1707 0.1019 0.2755
0.4179 0.1478 0.2062 0.2281
0.4213 0.1892 0.1597 0.2298
0.4755 0.2221 0.1627 0.1397
0.4018 0.3781 0.0633 0.1568
0.4987 0.2562 0.0473 0.1978

