MEME version 4

ALPHABET= ACGU

Background letter frequencies:
A 0.2459 C 0.2214 G 0.2058 U 0.3269

MOTIF filter0
letter-probability matrix: alength= 4 w= 7 nsites= 66250
0.4734 0.0179 0.0307 0.4780
0.0875 0.0698 0.6822 0.1605
0.3587 0.0478 0.2409 0.3526
0.3335 0.1027 0.0169 0.5468
0.0768 0.1085 0.1348 0.6800
0.1062 0.2935 0.2009 0.3995
0.1492 0.2518 0.3938 0.2053

MOTIF filter1
letter-probability matrix: alength= 4 w= 7 nsites= 96467
0.0912 0.2752 0.1423 0.4912
0.1052 0.6154 0.1776 0.1018
0.7032 0.2696 0.0191 0.0082
0.3078 0.0173 0.4280 0.2469
0.4369 0.0659 0.4787 0.0185
0.5887 0.0592 0.2496 0.1024
0.3318 0.2117 0.1740 0.2824

MOTIF filter2
letter-probability matrix: alength= 4 w= 7 nsites= 100767
0.2598 0.2524 0.2906 0.1973
0.0544 0.4385 0.2793 0.2278
0.2883 0.5178 0.1840 0.0099
0.0317 0.8884 0.0716 0.0083
0.5823 0.3586 0.0188 0.0403
0.0551 0.1645 0.5731 0.2073
0.0596 0.2405 0.3405 0.3594

MOTIF filter3
letter-probability matrix: alength= 4 w= 7 nsites= 94118
0.0413 0.1190 0.7189 0.1209
0.2690 0.4131 0.2532 0.0647
0.0997 0.5758 0.0012 0.3233
0.1884 0.3207 0.4034 0.0875
0.1938 0.3435 0.3713 0.0913
0.1755 0.4980 0.3233 0.0031
0.0943 0.7660 0.1294 0.0104

MOTIF filter4
letter-probability matrix: alength= 4 w= 7 nsites= 78625
0.6777 0.0089 0.1290 0.1844
0.1723 0.3527 0.3842 0.0908
0.2265 0.5197 0.2137 0.0400
0.2895 0.1146 0.0941 0.5019
0.1443 0.6052 0.1045 0.1460
0.1535 0.0252 0.0164 0.8049
0.1908 0.4220 0.2419 0.1453

MOTIF filter5
letter-probability matrix: alength= 4 w= 7 nsites= 102361
0.1825 0.1514 0.2292 0.4369
0.3648 0.3500 0.0499 0.2353
0.0510 0.0691 0.0302 0.8497
0.5639 0.0344 0.0718 0.3298
0.3238 0.0202 0.0343 0.6218
0.0362 0.0282 0.0614 0.8742
0.6230 0.0233 0.0728 0.2809

MOTIF filter6
letter-probability matrix: alength= 4 w= 7 nsites= 62569
0.2975 0.4760 0.0800 0.1466
0.5512 0.1870 0.1808 0.0811
0.6800 0.0156 0.1555 0.1488
0.1201 0.0212 0.8174 0.0413
0.3986 0.3088 0.1130 0.1796
0.5610 0.1295 0.2855 0.0240
0.0687 0.7443 0.1195 0.0675

MOTIF filter7
letter-probability matrix: alength= 4 w= 7 nsites= 96131
0.5791 0.3040 0.0314 0.0855
0.2420 0.3953 0.3160 0.0466
0.3199 0.1500 0.3600 0.1701
0.1103 0.2538 0.4373 0.1986
0.0338 0.4042 0.2775 0.2845
0.4996 0.2717 0.0586 0.1701
0.3216 0.2293 0.2048 0.2443

MOTIF filter8
letter-probability matrix: alength= 4 w= 7 nsites= 67897
0.0617 0.0177 0.4652 0.4554
0.0377 0.8776 0.0490 0.0357
0.0979 0.4621 0.1625 0.2774
0.0621 0.1921 0.4958 0.2500
0.0338 0.1951 0.3274 0.4437
0.0291 0.1795 0.3774 0.4139
0.1303 0.5241 0.0868 0.2587

MOTIF filter9
letter-probability matrix: alength= 4 w= 7 nsites= 121875
0.0095 0.0145 0.0116 0.9644
0.1197 0.3513 0.1543 0.3747
0.0820 0.6229 0.0171 0.2780
0.2059 0.2030 0.0731 0.5181
0.2623 0.3111 0.3091 0.1175
0.2550 0.1139 0.1144 0.5168
0.0910 0.3895 0.4327 0.0868

MOTIF filter10
letter-probability matrix: alength= 4 w= 7 nsites= 76947
0.1614 0.3014 0.2793 0.2579
0.1790 0.3708 0.2437 0.2064
0.1407 0.0005 0.2385 0.6203
0.0470 0.8194 0.0590 0.0746
0.0537 0.0002 0.0502 0.8959
0.0213 0.7156 0.1402 0.1228
0.0984 0.5664 0.1673 0.1679

MOTIF filter11
letter-probability matrix: alength= 4 w= 7 nsites= 152318
0.1500 0.1396 0.0279 0.6824
0.1276 0.3275 0.2648 0.2801
0.0385 0.5929 0.0077 0.3609
0.0727 0.6805 0.0003 0.2465
0.0152 0.1997 0.0003 0.7847
0.0517 0.3895 0.0126 0.5461
0.1527 0.2487 0.0667 0.5319

MOTIF filter12
letter-probability matrix: alength= 4 w= 7 nsites= 187456
0.3547 0.0132 0.1561 0.4761
0.0122 0.0002 0.8833 0.1042
0.2751 0.1431 0.0378 0.5439
0.3475 0.0357 0.3060 0.3108
0.1922 0.2353 0.2048 0.3677
0.1440 0.3170 0.1034 0.4355
0.0922 0.5634 0.0873 0.2571

MOTIF filter13
letter-probability matrix: alength= 4 w= 7 nsites= 234369
0.0713 0.0715 0.2749 0.5824
0.0264 0.4477 0.4758 0.0500
0.1228 0.0361 0.2206 0.6205
0.1856 0.0000 0.2322 0.5822
0.0682 0.2776 0.0001 0.6542
0.0136 0.3737 0.1845 0.4283
0.0878 0.1162 0.2106 0.5855

MOTIF filter14
letter-probability matrix: alength= 4 w= 7 nsites= 213397
0.1052 0.0100 0.2586 0.6263
0.1770 0.0060 0.1577 0.6593
0.1503 0.0017 0.1478 0.7002
0.2227 0.0031 0.1307 0.6435
0.0827 0.0132 0.2559 0.6482
0.2675 0.0324 0.2304 0.4697
0.2565 0.0702 0.2395 0.4338

MOTIF filter15
letter-probability matrix: alength= 4 w= 7 nsites= 87121
0.3112 0.2510 0.0196 0.4182
0.1707 0.0379 0.1382 0.6532
0.5634 0.0027 0.3601 0.0739
0.2978 0.1157 0.3845 0.2020
0.0100 0.1456 0.1012 0.7433
0.2403 0.3459 0.2411 0.1727
0.1178 0.4139 0.0424 0.4260

