MEME version 4

ALPHABET= ACGU

Background letter frequencies:
A 0.2779 C 0.1953 G 0.2000 U 0.3269

MOTIF filter0
letter-probability matrix: alength= 4 w= 7 nsites= 27771
0.2710 0.1748 0.1985 0.3558
0.3385 0.1304 0.2327 0.2984
0.3124 0.1173 0.3664 0.2040
0.3592 0.1516 0.3003 0.1889
0.2278 0.1675 0.3533 0.2514
0.2153 0.2200 0.2320 0.3326
0.1787 0.2085 0.1824 0.4304

MOTIF filter1
letter-probability matrix: alength= 4 w= 7 nsites= 14203
0.4700 0.1379 0.3233 0.0688
0.3688 0.1004 0.2694 0.2613
0.2079 0.1928 0.3258 0.2735
0.2727 0.1929 0.1881 0.3463
0.3184 0.2143 0.2707 0.1966
0.3630 0.1409 0.2051 0.2910
0.2335 0.1413 0.4488 0.1765

MOTIF filter2
letter-probability matrix: alength= 4 w= 7 nsites= 12993
0.4396 0.0833 0.0819 0.3952
0.2714 0.1382 0.1762 0.4142
0.1395 0.3008 0.1608 0.3989
0.1919 0.3038 0.1330 0.3714
0.1519 0.2581 0.0522 0.5379
0.1366 0.2445 0.0539 0.5650
0.1204 0.2384 0.0321 0.6091

MOTIF filter3
letter-probability matrix: alength= 4 w= 7 nsites= 12574
0.2257 0.1346 0.5155 0.1242
0.1101 0.1440 0.5895 0.1564
0.1509 0.2106 0.4312 0.2073
0.2115 0.2095 0.2947 0.2843
0.2462 0.1242 0.3173 0.3123
0.2751 0.1122 0.3574 0.2553
0.2779 0.2200 0.2475 0.2546

MOTIF filter4
letter-probability matrix: alength= 4 w= 7 nsites= 5021
0.3811 0.4515 0.0597 0.1077
0.2197 0.5558 0.0890 0.1355
0.2119 0.3230 0.2209 0.2442
0.1570 0.2382 0.2991 0.3057
0.1851 0.1393 0.3986 0.2770
0.1835 0.3642 0.2790 0.1733
0.1493 0.5781 0.2113 0.0613

MOTIF filter5
letter-probability matrix: alength= 4 w= 7 nsites= 14538
0.4313 0.2333 0.1471 0.1884
0.4829 0.1246 0.2052 0.1873
0.3371 0.0312 0.4267 0.2050
0.3352 0.0369 0.3799 0.2480
0.2409 0.0349 0.4777 0.2465
0.3024 0.0317 0.4586 0.2073
0.2641 0.1122 0.4683 0.1555

MOTIF filter6
letter-probability matrix: alength= 4 w= 7 nsites= 15936
0.2118 0.1314 0.4116 0.2452
0.1822 0.1034 0.4907 0.2238
0.2483 0.0955 0.4977 0.1585
0.2553 0.1656 0.4169 0.1622
0.3723 0.2605 0.1011 0.2662
0.3317 0.2586 0.1122 0.2976
0.3002 0.2164 0.0674 0.4160

MOTIF filter7
letter-probability matrix: alength= 4 w= 7 nsites= 7783
0.1901 0.2680 0.2850 0.2570
0.1161 0.2258 0.1372 0.5210
0.3261 0.0955 0.0999 0.4785
0.2966 0.1188 0.2242 0.3603
0.3268 0.1877 0.2683 0.2172
0.1675 0.1594 0.4082 0.2649
0.1813 0.1693 0.4324 0.2170

MOTIF filter8
letter-probability matrix: alength= 4 w= 7 nsites= 13915
0.2285 0.2872 0.1014 0.3829
0.2632 0.2100 0.1044 0.4224
0.1621 0.1522 0.3867 0.2990
0.2195 0.1004 0.3792 0.3009
0.1910 0.1093 0.6115 0.0882
0.3324 0.1713 0.3540 0.1423
0.2776 0.1258 0.3332 0.2634

MOTIF filter9
letter-probability matrix: alength= 4 w= 7 nsites= 11131
0.2031 0.0752 0.4351 0.2867
0.1445 0.1574 0.5804 0.1176
0.3342 0.1730 0.3208 0.1721
0.2324 0.1127 0.4718 0.1831
0.2481 0.1447 0.2724 0.3348
0.2322 0.1932 0.2660 0.3087
0.3883 0.2374 0.1381 0.2361

MOTIF filter10
letter-probability matrix: alength= 4 w= 7 nsites= 10752
0.2177 0.1554 0.3159 0.3109
0.1904 0.1429 0.4317 0.2350
0.2241 0.0343 0.4680 0.2736
0.1341 0.0906 0.5098 0.2655
0.1620 0.2497 0.3351 0.2532
0.1466 0.2718 0.1791 0.4026
0.2181 0.2464 0.2454 0.2901

MOTIF filter11
letter-probability matrix: alength= 4 w= 7 nsites= 18683
0.2131 0.4126 0.0301 0.3441
0.2696 0.3368 0.0112 0.3824
0.2060 0.3679 0.0107 0.4154
0.2471 0.2984 0.0151 0.4394
0.1029 0.2933 0.0106 0.5932
0.1617 0.1877 0.0226 0.6279
0.1533 0.0875 0.0585 0.7006

MOTIF filter12
letter-probability matrix: alength= 4 w= 7 nsites= 16525
0.1238 0.3181 0.2879 0.2701
0.1685 0.4267 0.3078 0.0970
0.0825 0.3896 0.2199 0.3080
0.1188 0.3453 0.1762 0.3597
0.0882 0.2791 0.1623 0.4703
0.0883 0.3271 0.2931 0.2916
0.0696 0.4188 0.2000 0.3116

MOTIF filter13
letter-probability matrix: alength= 4 w= 7 nsites= 13110
0.2805 0.2076 0.2882 0.2238
0.2280 0.2266 0.2417 0.3037
0.2638 0.0976 0.3318 0.3068
0.3270 0.1758 0.3567 0.1405
0.3960 0.1496 0.2616 0.1928
0.3268 0.1472 0.3380 0.1879
0.2398 0.1907 0.3184 0.2510

MOTIF filter14
letter-probability matrix: alength= 4 w= 7 nsites= 28788
0.2319 0.1721 0.0333 0.5626
0.1194 0.1586 0.0394 0.6826
0.1184 0.2226 0.0831 0.5759
0.1025 0.1816 0.1134 0.6024
0.1988 0.0980 0.1513 0.5519
0.2652 0.0432 0.1374 0.5542
0.2098 0.0615 0.1068 0.6219

MOTIF filter15
letter-probability matrix: alength= 4 w= 7 nsites= 28562
0.2397 0.2166 0.0288 0.5149
0.3206 0.2322 0.0098 0.4374
0.2845 0.2815 0.0376 0.3964
0.3778 0.1920 0.1222 0.3080
0.4050 0.1742 0.1379 0.2829
0.3769 0.1104 0.1087 0.4039
0.2998 0.0912 0.0240 0.5850

