MEME version 4

ALPHABET= ACGU

Background letter frequencies:
A 0.2853 C 0.1924 G 0.2008 U 0.3215

MOTIF filter0
letter-probability matrix: alength= 4 w= 7 nsites= 69284
0.2422 0.2576 0.1016 0.3985
0.0634 0.1259 0.0206 0.7902
0.1526 0.1384 0.2364 0.4727
0.1337 0.0430 0.6140 0.2093
0.1645 0.0920 0.2447 0.4988
0.2001 0.0189 0.0316 0.7495
0.1449 0.0283 0.0165 0.8104

MOTIF filter1
letter-probability matrix: alength= 4 w= 7 nsites= 77993
0.7450 0.0685 0.0316 0.1548
0.1991 0.3715 0.0556 0.3738
0.2569 0.2497 0.0804 0.4130
0.2573 0.0618 0.0062 0.6748
0.1746 0.0732 0.2915 0.4607
0.2118 0.1405 0.2329 0.4147
0.4072 0.1821 0.2789 0.1318

MOTIF filter2
letter-probability matrix: alength= 4 w= 7 nsites= 84867
0.5903 0.0064 0.0095 0.3938
0.6560 0.0012 0.0025 0.3403
0.4164 0.0051 0.3357 0.2428
0.4299 0.0375 0.1065 0.4261
0.2184 0.0184 0.0088 0.7544
0.3277 0.0159 0.1221 0.5343
0.4721 0.0229 0.1772 0.3278

MOTIF filter3
letter-probability matrix: alength= 4 w= 7 nsites= 70961
0.5614 0.2247 0.0090 0.2049
0.5377 0.1711 0.0067 0.2845
0.4633 0.3222 0.0356 0.1789
0.3872 0.2506 0.0478 0.3144
0.3613 0.0694 0.3535 0.2159
0.3815 0.1156 0.3222 0.1806
0.3863 0.2037 0.1743 0.2357

MOTIF filter4
letter-probability matrix: alength= 4 w= 7 nsites= 49382
0.2793 0.6070 0.0223 0.0915
0.2747 0.1815 0.0442 0.4995
0.3247 0.4311 0.0985 0.1456
0.4333 0.0517 0.2253 0.2897
0.0294 0.0012 0.6225 0.3469
0.1405 0.7927 0.0374 0.0294
0.3675 0.4713 0.0248 0.1363

MOTIF filter5
letter-probability matrix: alength= 4 w= 7 nsites= 26713
0.0124 0.0926 0.8687 0.0263
0.3058 0.5050 0.0599 0.1292
0.5608 0.0485 0.0244 0.3664
0.2629 0.4464 0.1364 0.1542
0.2064 0.5053 0.1969 0.0914
0.1631 0.5795 0.0819 0.1755
0.1410 0.1865 0.1168 0.5557

MOTIF filter6
letter-probability matrix: alength= 4 w= 7 nsites= 70988
0.1830 0.1165 0.1306 0.5700
0.7705 0.0713 0.0050 0.1533
0.1802 0.2114 0.0023 0.6061
0.3246 0.1950 0.0042 0.4762
0.3866 0.1466 0.0109 0.4559
0.1766 0.2753 0.0018 0.5462
0.0624 0.2736 0.0437 0.6204

MOTIF filter7
letter-probability matrix: alength= 4 w= 7 nsites= 56092
0.2073 0.0794 0.0218 0.6915
0.1337 0.1527 0.5011 0.2125
0.2703 0.1399 0.0319 0.5579
0.0832 0.1162 0.5105 0.2901
0.3107 0.1106 0.0115 0.5671
0.1672 0.2222 0.1832 0.4275
0.1358 0.1990 0.0584 0.6068

MOTIF filter8
letter-probability matrix: alength= 4 w= 7 nsites= 66493
0.4756 0.2788 0.0670 0.1787
0.0797 0.3232 0.1070 0.4901
0.4361 0.3205 0.0517 0.1917
0.1698 0.4451 0.3660 0.0191
0.4527 0.0151 0.0944 0.4378
0.0713 0.0243 0.9031 0.0014
0.5328 0.0540 0.2040 0.2092

MOTIF filter9
letter-probability matrix: alength= 4 w= 7 nsites= 49560
0.5370 0.0180 0.2292 0.2158
0.6660 0.0676 0.1060 0.1605
0.3811 0.5279 0.0686 0.0224
0.2406 0.0879 0.0081 0.6634
0.5269 0.1821 0.0132 0.2779
0.6980 0.1330 0.0412 0.1277
0.6345 0.2652 0.0614 0.0390

MOTIF filter10
letter-probability matrix: alength= 4 w= 7 nsites= 36027
0.1235 0.6376 0.0949 0.1439
0.3593 0.4079 0.0363 0.1965
0.5030 0.2806 0.1501 0.0662
0.5972 0.1135 0.1910 0.0983
0.6436 0.0446 0.0766 0.2352
0.2585 0.0859 0.1176 0.5381
0.2311 0.1697 0.0914 0.5077

MOTIF filter11
letter-probability matrix: alength= 4 w= 7 nsites= 43024
0.2216 0.0088 0.4413 0.3283
0.0867 0.0001 0.8713 0.0419
0.5895 0.2057 0.0843 0.1205
0.7825 0.0865 0.0363 0.0947
0.0479 0.4275 0.1258 0.3989
0.0410 0.0671 0.1106 0.7812
0.1230 0.1115 0.1775 0.5879

MOTIF filter12
letter-probability matrix: alength= 4 w= 7 nsites= 57594
0.4386 0.3989 0.0305 0.1321
0.1440 0.3238 0.0204 0.5118
0.2286 0.4961 0.0688 0.2065
0.0805 0.1985 0.0918 0.6292
0.0120 0.6614 0.1396 0.1870
0.2471 0.0244 0.0101 0.7184
0.1065 0.3707 0.1556 0.3671

MOTIF filter13
letter-probability matrix: alength= 4 w= 7 nsites= 46301
0.5428 0.0738 0.2484 0.1351
0.1603 0.3867 0.2882 0.1648
0.1009 0.2160 0.0169 0.6662
0.7208 0.0343 0.1137 0.1312
0.7582 0.0182 0.1241 0.0995
0.1615 0.1116 0.6380 0.0890
0.3629 0.1694 0.0052 0.4626

MOTIF filter14
letter-probability matrix: alength= 4 w= 7 nsites= 68729
0.5431 0.0674 0.1646 0.2250
0.1498 0.0836 0.6949 0.0717
0.4356 0.1662 0.0841 0.3141
0.5561 0.0313 0.0267 0.3859
0.0311 0.0080 0.9529 0.0079
0.3837 0.2607 0.0246 0.3309
0.5141 0.1704 0.0340 0.2816

MOTIF filter15
letter-probability matrix: alength= 4 w= 7 nsites= 83692
0.4326 0.3278 0.0084 0.2312
0.4593 0.2232 0.0295 0.2881
0.1876 0.3063 0.3755 0.1305
0.3918 0.0932 0.1464 0.3685
0.0124 0.0379 0.9445 0.0052
0.4267 0.2678 0.0154 0.2901
0.2674 0.1853 0.3736 0.1738

