MEME version 4

ALPHABET= ACGU

Background letter frequencies:
A 0.2454 C 0.2306 G 0.2477 U 0.2763

MOTIF filter0
letter-probability matrix: alength= 4 w= 7 nsites= 18701
0.1566 0.0572 0.0277 0.7585
0.1890 0.5286 0.2053 0.0770
0.0510 0.5856 0.1403 0.2231
0.1684 0.3611 0.2388 0.2317
0.0605 0.3024 0.5407 0.0965
0.4521 0.0128 0.3944 0.1407
0.1316 0.7354 0.1094 0.0235

MOTIF filter1
letter-probability matrix: alength= 4 w= 7 nsites= 28574
0.0535 0.0031 0.9425 0.0008
0.1051 0.3300 0.1467 0.4182
0.2410 0.2986 0.3177 0.1428
0.3020 0.0350 0.0505 0.6125
0.1119 0.1693 0.3039 0.4149
0.2461 0.4488 0.2602 0.0449
0.5579 0.3487 0.0501 0.0432

MOTIF filter2
letter-probability matrix: alength= 4 w= 7 nsites= 25552
0.6155 0.0603 0.0298 0.2944
0.1586 0.1649 0.6166 0.0598
0.2250 0.4318 0.0977 0.2455
0.1526 0.3804 0.1869 0.2801
0.0852 0.0152 0.0000 0.8996
0.4378 0.0439 0.4442 0.0741
0.1262 0.2261 0.2525 0.3951

MOTIF filter3
letter-probability matrix: alength= 4 w= 7 nsites= 17163
0.2855 0.1209 0.0712 0.5224
0.0365 0.8869 0.0662 0.0104
0.1266 0.7982 0.0278 0.0474
0.3697 0.1517 0.0572 0.4213
0.2333 0.4818 0.1942 0.0908
0.3301 0.2037 0.3036 0.1626
0.0195 0.1878 0.6612 0.1315

MOTIF filter4
letter-probability matrix: alength= 4 w= 7 nsites= 16916
0.2185 0.0002 0.6087 0.1726
0.5689 0.1417 0.0612 0.2283
0.1096 0.3109 0.2649 0.3147
0.0688 0.1196 0.8094 0.0022
0.1829 0.0694 0.4811 0.2665
0.1337 0.4734 0.1916 0.2013
0.0738 0.4465 0.0183 0.4615

MOTIF filter5
letter-probability matrix: alength= 4 w= 7 nsites= 18977
0.2004 0.5026 0.1355 0.1616
0.2328 0.3038 0.3647 0.0987
0.5391 0.0851 0.2684 0.1073
0.0738 0.5106 0.0986 0.3171
0.1019 0.0291 0.5074 0.3615
0.2658 0.0636 0.0645 0.6060
0.1425 0.6664 0.0955 0.0956

MOTIF filter6
letter-probability matrix: alength= 4 w= 7 nsites= 20131
0.0660 0.1343 0.2078 0.5919
0.4709 0.1363 0.1066 0.2862
0.3738 0.1275 0.1828 0.3158
0.3899 0.3264 0.1937 0.0899
0.0670 0.0286 0.0363 0.8681
0.1733 0.0314 0.0620 0.7333
0.1755 0.1889 0.3880 0.2475

MOTIF filter7
letter-probability matrix: alength= 4 w= 7 nsites= 18789
0.0562 0.0828 0.3368 0.5241
0.1791 0.3307 0.0034 0.4869
0.0232 0.0164 0.8813 0.0790
0.4599 0.4396 0.0119 0.0886
0.2216 0.3792 0.1885 0.2107
0.4314 0.0206 0.2175 0.3304
0.0171 0.2004 0.4345 0.3480

MOTIF filter8
letter-probability matrix: alength= 4 w= 7 nsites= 58096
0.3384 0.2692 0.2275 0.1648
0.2033 0.4399 0.0917 0.2650
0.1956 0.3244 0.1744 0.3057
0.2095 0.3238 0.2676 0.1992
0.3809 0.1718 0.2556 0.1917
0.5405 0.1580 0.0000 0.3014
0.0002 0.0000 0.9993 0.0005

MOTIF filter9
letter-probability matrix: alength= 4 w= 7 nsites= 12960
0.5175 0.0307 0.0862 0.3656
0.5230 0.3666 0.0500 0.0604
0.0020 0.0336 0.2649 0.6996
0.0697 0.1534 0.7359 0.0410
0.6507 0.0603 0.2546 0.0344
0.2360 0.4436 0.2218 0.0986
0.2062 0.1182 0.5460 0.1297

MOTIF filter10
letter-probability matrix: alength= 4 w= 7 nsites= 12212
0.5189 0.0701 0.1700 0.2410
0.0281 0.9262 0.0026 0.0431
0.1258 0.1935 0.5773 0.1034
0.1864 0.2483 0.4441 0.1212
0.1576 0.4043 0.2090 0.2291
0.1631 0.0943 0.6196 0.1230
0.4917 0.3160 0.1204 0.0719

MOTIF filter11
letter-probability matrix: alength= 4 w= 7 nsites= 19481
0.2748 0.4679 0.0984 0.1589
0.2830 0.0558 0.2781 0.3831
0.0312 0.0144 0.7646 0.1899
0.1316 0.6560 0.1542 0.0581
0.1995 0.0168 0.0351 0.7486
0.0868 0.2467 0.4106 0.2559
0.0829 0.3882 0.0658 0.4631

MOTIF filter12
letter-probability matrix: alength= 4 w= 7 nsites= 21279
0.2026 0.4338 0.1134 0.2502
0.1668 0.4839 0.1515 0.1979
0.8490 0.0398 0.0273 0.0838
0.1601 0.0302 0.8074 0.0023
0.1738 0.3772 0.3433 0.1058
0.0260 0.5625 0.2127 0.1988
0.4322 0.3810 0.0722 0.1147

MOTIF filter13
letter-probability matrix: alength= 4 w= 7 nsites= 21106
0.7944 0.1008 0.1045 0.0003
0.3547 0.3769 0.1468 0.1215
0.0468 0.1399 0.6710 0.1423
0.1922 0.3880 0.1673 0.2525
0.3181 0.3019 0.2323 0.1477
0.2884 0.1016 0.4495 0.1605
0.3374 0.1326 0.1287 0.4012

MOTIF filter14
letter-probability matrix: alength= 4 w= 7 nsites= 24277
0.0682 0.1646 0.0652 0.7019
0.0336 0.2852 0.5299 0.1514
0.0333 0.1692 0.6286 0.1689
0.2932 0.3006 0.2832 0.1229
0.1241 0.3543 0.4181 0.1035
0.1352 0.6599 0.0390 0.1658
0.4808 0.3082 0.0162 0.1948

MOTIF filter15
letter-probability matrix: alength= 4 w= 7 nsites= 40895
0.0343 0.0054 0.9575 0.0028
0.5581 0.3590 0.0201 0.0629
0.3469 0.3681 0.0193 0.2657
0.2415 0.2525 0.3090 0.1970
0.2961 0.2751 0.2228 0.2060
0.3538 0.0696 0.2322 0.3444
0.0890 0.2861 0.4319 0.1930

