MEME version 4

ALPHABET= ACGU

Background letter frequencies:
A 0.2755 C 0.1964 G 0.1991 U 0.3290

MOTIF filter0
letter-probability matrix: alength= 4 w= 7 nsites= 26338
0.5119 0.2134 0.0569 0.2178
0.4533 0.1832 0.0713 0.2922
0.3798 0.1155 0.1044 0.4003
0.1368 0.2267 0.2377 0.3988
0.1569 0.3991 0.2301 0.2139
0.2558 0.3445 0.1522 0.2476
0.2840 0.2298 0.2633 0.2229

MOTIF filter1
letter-probability matrix: alength= 4 w= 7 nsites= 34357
0.2364 0.1263 0.4474 0.1900
0.3242 0.1910 0.1650 0.3198
0.2990 0.2569 0.1346 0.3095
0.3028 0.2073 0.0933 0.3966
0.2485 0.1723 0.2807 0.2985
0.2232 0.0734 0.3460 0.3574
0.1444 0.0723 0.5717 0.2116

MOTIF filter2
letter-probability matrix: alength= 4 w= 7 nsites= 48051
0.3714 0.1634 0.0430 0.4222
0.2829 0.1332 0.2889 0.2950
0.1882 0.1575 0.3410 0.3133
0.1210 0.2380 0.3338 0.3072
0.1474 0.2196 0.0811 0.5519
0.2610 0.1322 0.0246 0.5822
0.2069 0.1165 0.1458 0.5307

MOTIF filter3
letter-probability matrix: alength= 4 w= 7 nsites= 43234
0.3763 0.2998 0.0058 0.3181
0.3303 0.2536 0.0009 0.4152
0.2815 0.2285 0.0034 0.4866
0.3495 0.0802 0.0116 0.5587
0.2622 0.1037 0.1011 0.5330
0.2323 0.1062 0.1347 0.5269
0.1885 0.2401 0.1389 0.4325

MOTIF filter4
letter-probability matrix: alength= 4 w= 7 nsites= 60491
0.3413 0.2979 0.0899 0.2709
0.3149 0.2074 0.0776 0.4002
0.1992 0.0838 0.3869 0.3301
0.0960 0.1019 0.3766 0.4254
0.1476 0.1313 0.4154 0.3056
0.2119 0.1958 0.2307 0.3616
0.2626 0.1702 0.2675 0.2997

MOTIF filter5
letter-probability matrix: alength= 4 w= 7 nsites= 32946
0.2110 0.0339 0.5296 0.2255
0.2335 0.0953 0.4012 0.2700
0.2613 0.1425 0.3979 0.1982
0.2955 0.1823 0.3201 0.2021
0.3886 0.1868 0.1562 0.2683
0.3006 0.1894 0.2427 0.2673
0.3561 0.1884 0.1358 0.3198

MOTIF filter6
letter-probability matrix: alength= 4 w= 7 nsites= 85256
0.3898 0.2270 0.0022 0.3810
0.3382 0.2218 0.0286 0.4113
0.3267 0.1658 0.1168 0.3907
0.2982 0.1783 0.1727 0.3508
0.2602 0.2137 0.2303 0.2958
0.2876 0.1865 0.1887 0.3372
0.1967 0.1228 0.4432 0.2372

MOTIF filter7
letter-probability matrix: alength= 4 w= 7 nsites= 85200
0.1858 0.2047 0.3989 0.2107
0.3337 0.2543 0.0789 0.3331
0.3395 0.2545 0.0256 0.3805
0.3261 0.2287 0.0563 0.3889
0.2671 0.1969 0.1321 0.4039
0.2287 0.1508 0.2329 0.3876
0.2725 0.1905 0.2065 0.3305

MOTIF filter8
letter-probability matrix: alength= 4 w= 7 nsites= 44302
0.1891 0.1185 0.1021 0.5903
0.1973 0.1560 0.2028 0.4438
0.1660 0.0853 0.2686 0.4801
0.1210 0.0619 0.5425 0.2746
0.1373 0.1111 0.5040 0.2476
0.2247 0.1199 0.4247 0.2308
0.2569 0.1532 0.1427 0.4472

MOTIF filter9
letter-probability matrix: alength= 4 w= 7 nsites= 44158
0.1219 0.1905 0.0541 0.6335
0.0401 0.2274 0.0676 0.6649
0.0660 0.3347 0.0492 0.5500
0.2031 0.2847 0.0175 0.4947
0.2092 0.2179 0.0064 0.5665
0.2456 0.0855 0.0251 0.6438
0.1500 0.0682 0.1279 0.6539

MOTIF filter10
letter-probability matrix: alength= 4 w= 7 nsites= 28125
0.2345 0.1094 0.3640 0.2921
0.2667 0.1775 0.3481 0.2077
0.4018 0.2235 0.0578 0.3168
0.4091 0.1613 0.0710 0.3586
0.2380 0.1877 0.1501 0.4242
0.1119 0.3233 0.2560 0.3088
0.1522 0.3915 0.2149 0.2415

MOTIF filter11
letter-probability matrix: alength= 4 w= 7 nsites= 66392
0.2126 0.2371 0.2828 0.2675
0.2400 0.2646 0.1024 0.3930
0.2522 0.1798 0.1131 0.4549
0.1698 0.0865 0.4199 0.3238
0.2000 0.1122 0.4154 0.2724
0.1852 0.1679 0.3810 0.2660
0.2938 0.2440 0.0713 0.3910

MOTIF filter12
letter-probability matrix: alength= 4 w= 7 nsites= 33462
0.2364 0.1650 0.1629 0.4357
0.0795 0.1728 0.1785 0.5692
0.1464 0.0400 0.1846 0.6290
0.1408 0.0370 0.0651 0.7570
0.1408 0.0707 0.0164 0.7721
0.1604 0.1068 0.0071 0.7258
0.1773 0.2274 0.0086 0.5866

MOTIF filter13
letter-probability matrix: alength= 4 w= 7 nsites= 34586
0.3060 0.2754 0.1348 0.2838
0.3539 0.2001 0.1764 0.2695
0.2672 0.0714 0.4739 0.1875
0.2384 0.1461 0.4077 0.2078
0.1988 0.2027 0.3655 0.2330
0.3285 0.2109 0.0884 0.3722
0.2306 0.0835 0.3833 0.3025

MOTIF filter14
letter-probability matrix: alength= 4 w= 7 nsites= 47438
0.2739 0.1358 0.1175 0.4729
0.2098 0.0688 0.3021 0.4193
0.1435 0.0310 0.5933 0.2322
0.1905 0.0465 0.5288 0.2341
0.2382 0.0942 0.3534 0.3143
0.2768 0.1638 0.0627 0.4967
0.1628 0.1701 0.1210 0.5461

MOTIF filter15
letter-probability matrix: alength= 4 w= 7 nsites= 47826
0.1677 0.1909 0.0308 0.6107
0.3478 0.1200 0.0275 0.5048
0.4329 0.1606 0.0069 0.3995
0.4532 0.1259 0.0056 0.4153
0.3193 0.1922 0.0032 0.4853
0.2304 0.1522 0.0097 0.6077
0.1305 0.2770 0.1057 0.4868

