MEME version 4

ALPHABET= ACGU

Background letter frequencies:
A 0.2654 C 0.2146 G 0.2250 U 0.2950

MOTIF filter0
letter-probability matrix: alength= 4 w= 7 nsites= 5909
0.1788 0.2239 0.3338 0.2635
0.2041 0.2310 0.3056 0.2593
0.1786 0.2474 0.3020 0.2719
0.1975 0.2457 0.3088 0.2479
0.3421 0.2483 0.1118 0.2978
0.2728 0.0822 0.3929 0.2522
0.3333 0.0528 0.4120 0.2019

MOTIF filter1
letter-probability matrix: alength= 4 w= 7 nsites= 13043
0.2950 0.3269 0.1213 0.2568
0.2616 0.4587 0.0340 0.2457
0.3020 0.3332 0.0481 0.3167
0.2859 0.2578 0.2165 0.2398
0.2905 0.2213 0.2610 0.2273
0.3707 0.1576 0.2926 0.1792
0.2900 0.1427 0.4405 0.1268

MOTIF filter2
letter-probability matrix: alength= 4 w= 7 nsites= 20855
0.3977 0.1109 0.0977 0.3938
0.3831 0.1400 0.0707 0.4063
0.4186 0.1455 0.0288 0.4071
0.4787 0.2081 0.0341 0.2791
0.3397 0.1696 0.0841 0.4066
0.1903 0.1149 0.4034 0.2914
0.1696 0.0988 0.4192 0.3124

MOTIF filter3
letter-probability matrix: alength= 4 w= 7 nsites= 125950
0.2372 0.1931 0.3531 0.2167
0.3212 0.2565 0.1122 0.3101
0.2903 0.2267 0.1864 0.2966
0.2688 0.2111 0.2367 0.2834
0.2700 0.2106 0.2495 0.2699
0.2770 0.2026 0.2530 0.2674
0.2818 0.2038 0.2493 0.2652

MOTIF filter4
letter-probability matrix: alength= 4 w= 7 nsites= 12433
0.1895 0.1776 0.4330 0.1999
0.2344 0.1564 0.4666 0.1426
0.2415 0.3133 0.2584 0.1868
0.3080 0.2991 0.1629 0.2300
0.1994 0.3433 0.2415 0.2157
0.1614 0.1246 0.2909 0.4231
0.1043 0.0548 0.5209 0.3200

MOTIF filter5
letter-probability matrix: alength= 4 w= 7 nsites= 10783
0.3122 0.0743 0.0385 0.5750
0.3127 0.2837 0.0284 0.3753
0.2644 0.2950 0.0833 0.3573
0.1681 0.3079 0.3009 0.2231
0.1144 0.1477 0.4565 0.2814
0.2991 0.1317 0.4128 0.1564
0.2797 0.1721 0.2478 0.3005

MOTIF filter6
letter-probability matrix: alength= 4 w= 7 nsites= 14677
0.3731 0.2879 0.0060 0.3331
0.2463 0.2792 0.0750 0.3995
0.1426 0.1989 0.1521 0.5064
0.1321 0.1712 0.4163 0.2804
0.1593 0.1669 0.4699 0.2040
0.1966 0.1393 0.5444 0.1197
0.2627 0.1726 0.4369 0.1278

MOTIF filter7
letter-probability matrix: alength= 4 w= 7 nsites= 21782
0.3263 0.1908 0.1644 0.3186
0.2856 0.1032 0.3634 0.2479
0.3777 0.0518 0.3429 0.2276
0.2819 0.0389 0.5775 0.1017
0.3607 0.1204 0.3555 0.1635
0.2269 0.1874 0.3714 0.2143
0.3088 0.2991 0.1095 0.2826

MOTIF filter8
letter-probability matrix: alength= 4 w= 7 nsites= 12300
0.2588 0.1536 0.1277 0.4599
0.1897 0.1534 0.1696 0.4872
0.1104 0.3413 0.1775 0.3709
0.1217 0.2889 0.2713 0.3181
0.3039 0.3960 0.2322 0.0679
0.3900 0.3581 0.1856 0.0663
0.4559 0.3446 0.0723 0.1271

MOTIF filter10
letter-probability matrix: alength= 4 w= 7 nsites= 12103
0.1131 0.4093 0.4150 0.0626
0.0653 0.4625 0.3892 0.0831
0.0792 0.5034 0.2883 0.1291
0.0546 0.4847 0.3506 0.1101
0.0624 0.4568 0.3657 0.1151
0.0406 0.4879 0.3368 0.1347
0.0567 0.4919 0.3220 0.1293

MOTIF filter11
letter-probability matrix: alength= 4 w= 7 nsites= 22590
0.1762 0.3314 0.1131 0.3793
0.1333 0.1920 0.4155 0.2593
0.1534 0.2221 0.3729 0.2516
0.2348 0.2396 0.3527 0.1730
0.2806 0.2777 0.2133 0.2284
0.2831 0.2016 0.2218 0.2935
0.2052 0.2841 0.2431 0.2676

MOTIF filter12
letter-probability matrix: alength= 4 w= 7 nsites= 16142
0.1462 0.1924 0.4521 0.2093
0.1815 0.1562 0.4594 0.2029
0.3993 0.1804 0.1599 0.2604
0.4594 0.2431 0.0495 0.2480
0.4464 0.3221 0.0971 0.1345
0.2670 0.3873 0.1610 0.1847
0.3242 0.2731 0.2094 0.1933

MOTIF filter13
letter-probability matrix: alength= 4 w= 7 nsites= 23729
0.4817 0.0249 0.0911 0.4024
0.4680 0.0153 0.1751 0.3416
0.3627 0.0078 0.3794 0.2501
0.3073 0.0124 0.3576 0.3228
0.2963 0.0350 0.2701 0.3986
0.4310 0.0566 0.0279 0.4845
0.4642 0.0781 0.0595 0.3982

MOTIF filter14
letter-probability matrix: alength= 4 w= 7 nsites= 8735
0.3865 0.1076 0.0412 0.4647
0.0984 0.1790 0.2080 0.5146
0.2704 0.1275 0.2664 0.3357
0.2918 0.2067 0.2699 0.2316
0.2907 0.1914 0.2650 0.2529
0.2123 0.2474 0.2373 0.3030
0.2068 0.1756 0.3603 0.2572

MOTIF filter15
letter-probability matrix: alength= 4 w= 7 nsites= 35982
0.3645 0.2711 0.0840 0.2804
0.2234 0.1543 0.3858 0.2366
0.2057 0.0985 0.3674 0.3284
0.2385 0.1508 0.3587 0.2521
0.3206 0.2305 0.0683 0.3806
0.2769 0.1941 0.2208 0.3082
0.2245 0.2478 0.2133 0.3143

