MEME version 4

ALPHABET= ACGU

Background letter frequencies:
A 0.2876 C 0.1909 G 0.2059 U 0.3157

MOTIF filter0
letter-probability matrix: alength= 4 w= 7 nsites= 9341
0.2741 0.2830 0.3975 0.0454
0.4316 0.2417 0.2332 0.0935
0.4569 0.1564 0.2918 0.0948
0.3495 0.1227 0.4400 0.0877
0.1429 0.3078 0.4990 0.0504
0.2114 0.4200 0.2959 0.0727
0.3728 0.3737 0.1788 0.0747

MOTIF filter1
letter-probability matrix: alength= 4 w= 7 nsites= 18667
0.4415 0.0379 0.3659 0.1547
0.4047 0.1112 0.3391 0.1449
0.4219 0.1957 0.2069 0.1756
0.3424 0.2223 0.2260 0.2094
0.3113 0.1564 0.3511 0.1811
0.2072 0.0800 0.5750 0.1378
0.2943 0.0825 0.5491 0.0741

MOTIF filter2
letter-probability matrix: alength= 4 w= 7 nsites= 21535
0.2387 0.2831 0.1200 0.3582
0.4240 0.1353 0.1689 0.2718
0.4103 0.1496 0.1447 0.2955
0.5192 0.1560 0.0661 0.2586
0.4137 0.2927 0.0129 0.2807
0.3958 0.2971 0.0463 0.2607
0.5118 0.2532 0.0877 0.1473

MOTIF filter3
letter-probability matrix: alength= 4 w= 7 nsites= 11949
0.1403 0.2231 0.3455 0.2911
0.1324 0.3130 0.3410 0.2136
0.2742 0.2920 0.1768 0.2570
0.2465 0.3226 0.1493 0.2816
0.2771 0.2546 0.2040 0.2643
0.2418 0.2588 0.2499 0.2496
0.3239 0.2003 0.1919 0.2839

MOTIF filter4
letter-probability matrix: alength= 4 w= 7 nsites= 20451
0.4858 0.0666 0.0859 0.3616
0.6450 0.0707 0.0411 0.2432
0.7631 0.0976 0.0185 0.1208
0.5845 0.1776 0.0168 0.2212
0.4132 0.2031 0.0273 0.3564
0.3441 0.2073 0.0648 0.3838
0.3912 0.1575 0.1066 0.3447

MOTIF filter5
letter-probability matrix: alength= 4 w= 7 nsites= 13893
0.3974 0.2147 0.1746 0.2133
0.1866 0.3055 0.3352 0.1728
0.2662 0.3062 0.2585 0.1690
0.3464 0.2685 0.2719 0.1132
0.4468 0.2043 0.0938 0.2551
0.3894 0.2124 0.0860 0.3122
0.2607 0.3640 0.0291 0.3461

MOTIF filter6
letter-probability matrix: alength= 4 w= 7 nsites= 19524
0.4573 0.3813 0.0514 0.1100
0.4493 0.2764 0.1396 0.1347
0.4065 0.2108 0.1406 0.2421
0.2726 0.2531 0.1670 0.3073
0.2307 0.3149 0.0703 0.3841
0.1672 0.4868 0.0701 0.2759
0.1624 0.4946 0.0317 0.3113

MOTIF filter7
letter-probability matrix: alength= 4 w= 7 nsites= 18818
0.1131 0.0921 0.4561 0.3387
0.1202 0.1276 0.4676 0.2846
0.1911 0.1703 0.2569 0.3817
0.1508 0.2122 0.2604 0.3766
0.1199 0.2676 0.2332 0.3793
0.1291 0.2862 0.1537 0.4310
0.2222 0.2437 0.0878 0.4463

MOTIF filter8
letter-probability matrix: alength= 4 w= 7 nsites= 13408
0.1666 0.2033 0.3817 0.2484
0.1652 0.1769 0.5150 0.1429
0.1062 0.2606 0.4588 0.1744
0.1619 0.2950 0.3396 0.2034
0.1518 0.2877 0.3791 0.1814
0.2361 0.2809 0.3614 0.1216
0.2361 0.3491 0.3181 0.0968

MOTIF filter9
letter-probability matrix: alength= 4 w= 7 nsites= 15145
0.2552 0.1778 0.2813 0.2858
0.2411 0.1627 0.3451 0.2511
0.2023 0.1703 0.4021 0.2252
0.2398 0.1597 0.3618 0.2386
0.2196 0.1428 0.3714 0.2662
0.2873 0.1506 0.3144 0.2476
0.2807 0.1757 0.3485 0.1951

MOTIF filter10
letter-probability matrix: alength= 4 w= 7 nsites= 17095
0.3030 0.1080 0.0257 0.5634
0.2446 0.1980 0.0254 0.5320
0.2171 0.3831 0.0095 0.3902
0.2095 0.4007 0.0092 0.3805
0.1938 0.2904 0.0475 0.4682
0.2050 0.1092 0.0626 0.6232
0.2991 0.1429 0.0956 0.4624

MOTIF filter11
letter-probability matrix: alength= 4 w= 7 nsites= 9172
0.3134 0.0741 0.1192 0.4932
0.2716 0.0975 0.0724 0.5585
0.2428 0.1840 0.0682 0.5050
0.2658 0.3585 0.0341 0.3415
0.1485 0.4910 0.0320 0.3285
0.1716 0.5647 0.0102 0.2534
0.3549 0.3998 0.0126 0.2326

MOTIF filter12
letter-probability matrix: alength= 4 w= 7 nsites= 11423
0.1184 0.0675 0.2007 0.6135
0.2525 0.0716 0.1508 0.5252
0.2128 0.0523 0.3904 0.3444
0.2722 0.0371 0.5524 0.1384
0.3163 0.0618 0.4972 0.1247
0.3748 0.0639 0.3598 0.2015
0.3337 0.0465 0.3457 0.2742

MOTIF filter13
letter-probability matrix: alength= 4 w= 7 nsites= 18693
0.2312 0.0521 0.3950 0.3218
0.2700 0.0660 0.2404 0.4235
0.2285 0.0486 0.3034 0.4195
0.2452 0.0409 0.2977 0.4163
0.1315 0.0188 0.4611 0.3887
0.1149 0.0259 0.4418 0.4174
0.0937 0.0528 0.4084 0.4452

MOTIF filter14
letter-probability matrix: alength= 4 w= 7 nsites= 14245
0.2754 0.2461 0.1955 0.2830
0.2542 0.3749 0.2067 0.1642
0.3356 0.3496 0.1251 0.1896
0.4506 0.1654 0.2081 0.1759
0.4652 0.0165 0.3477 0.1705
0.3105 0.0486 0.5756 0.0653
0.1745 0.1718 0.5600 0.0937

MOTIF filter15
letter-probability matrix: alength= 4 w= 7 nsites= 13963
0.2497 0.0706 0.4339 0.2458
0.2272 0.0311 0.5865 0.1552
0.2779 0.0610 0.5867 0.0745
0.3475 0.0927 0.4410 0.1187
0.3654 0.2075 0.2710 0.1561
0.4365 0.1938 0.1198 0.2499
0.2716 0.1435 0.4177 0.1672

