MEME version 4

ALPHABET= ACGU

Background letter frequencies:
A 0.2876 C 0.1856 G 0.1975 U 0.3293

MOTIF filter0
letter-probability matrix: alength= 4 w= 7 nsites= 16506
0.0854 0.0792 0.1572 0.6783
0.0739 0.0457 0.1194 0.7610
0.5248 0.0091 0.0259 0.4402
0.2104 0.0718 0.6552 0.0626
0.5371 0.0183 0.0839 0.3606
0.2007 0.0324 0.5010 0.2659
0.4994 0.1197 0.1058 0.2751

MOTIF filter1
letter-probability matrix: alength= 4 w= 7 nsites= 24787
0.2169 0.0558 0.5308 0.1965
0.5073 0.1810 0.0328 0.2789
0.4289 0.2908 0.2327 0.0476
0.2581 0.0759 0.3563 0.3097
0.5469 0.1979 0.2362 0.0190
0.7032 0.0492 0.0601 0.1876
0.0810 0.0615 0.0339 0.8236

MOTIF filter2
letter-probability matrix: alength= 4 w= 7 nsites= 115960
0.0000 0.0000 1.0000 0.0000
0.3177 0.2232 0.0875 0.3716
0.3852 0.2004 0.0206 0.3938
0.3255 0.1895 0.1337 0.3514
0.4177 0.1224 0.1168 0.3431
0.2616 0.1653 0.2008 0.3723
0.3167 0.1420 0.1472 0.3941

MOTIF filter3
letter-probability matrix: alength= 4 w= 7 nsites= 48975
0.3493 0.0572 0.0072 0.5864
0.3592 0.0317 0.0074 0.6018
0.5073 0.1446 0.0031 0.3450
0.7680 0.1423 0.0421 0.0477
0.2555 0.0565 0.0495 0.6385
0.7687 0.1097 0.0176 0.1041
0.3647 0.1595 0.0283 0.4474

MOTIF filter4
letter-probability matrix: alength= 4 w= 7 nsites= 28451
0.1468 0.1994 0.2710 0.3828
0.1339 0.0722 0.7092 0.0847
0.0041 0.0999 0.4831 0.4128
0.0179 0.2023 0.4205 0.3594
0.1787 0.1532 0.3542 0.3138
0.0203 0.2411 0.2815 0.4571
0.0395 0.7030 0.1218 0.1357

MOTIF filter5
letter-probability matrix: alength= 4 w= 7 nsites= 22507
0.4749 0.1912 0.0719 0.2621
0.4480 0.2445 0.1499 0.1576
0.3145 0.1023 0.2166 0.3666
0.2692 0.3194 0.1011 0.3102
0.3269 0.0197 0.0054 0.6480
0.0660 0.0438 0.7646 0.1255
0.5537 0.1110 0.2736 0.0617

MOTIF filter6
letter-probability matrix: alength= 4 w= 7 nsites= 31645
0.0822 0.2875 0.3520 0.2783
0.4223 0.2148 0.0387 0.3242
0.3734 0.2548 0.2353 0.1365
0.4122 0.2834 0.1388 0.1656
0.4823 0.2042 0.1271 0.1864
0.4698 0.0863 0.0903 0.3536
0.1963 0.1211 0.2167 0.4659

MOTIF filter7
letter-probability matrix: alength= 4 w= 7 nsites= 26843
0.0016 0.0000 0.9930 0.0054
0.4217 0.3015 0.0051 0.2717
0.1765 0.1868 0.3014 0.3353
0.2104 0.1424 0.0576 0.5896
0.0792 0.1481 0.0587 0.7140
0.1336 0.1038 0.4398 0.3227
0.1868 0.1277 0.5440 0.1415

MOTIF filter8
letter-probability matrix: alength= 4 w= 7 nsites= 16889
0.3994 0.0936 0.3926 0.1143
0.0864 0.3593 0.3073 0.2470
0.0619 0.6397 0.1109 0.1875
0.1344 0.0211 0.0712 0.7734
0.0609 0.9200 0.0169 0.0022
0.5319 0.1694 0.1339 0.1649
0.2884 0.4577 0.1235 0.1303

MOTIF filter9
letter-probability matrix: alength= 4 w= 7 nsites= 13870
0.2503 0.0424 0.6821 0.0252
0.0003 0.0307 0.5212 0.4478
0.6625 0.1058 0.2260 0.0058
0.3885 0.3816 0.0214 0.2084
0.6853 0.0499 0.0293 0.2355
0.1070 0.3629 0.0110 0.5191
0.6381 0.0208 0.0740 0.2671

MOTIF filter10
letter-probability matrix: alength= 4 w= 7 nsites= 21071
0.5785 0.1159 0.2318 0.0738
0.4990 0.0308 0.1993 0.2709
0.2896 0.2359 0.3323 0.1422
0.4914 0.0484 0.0425 0.4177
0.1551 0.2360 0.0554 0.5535
0.0097 0.7815 0.0765 0.1322
0.5751 0.2879 0.0179 0.1191

MOTIF filter11
letter-probability matrix: alength= 4 w= 7 nsites= 27552
0.1859 0.1287 0.2687 0.4168
0.2814 0.0167 0.6350 0.0669
0.0300 0.5634 0.1287 0.2779
0.7136 0.0319 0.0292 0.2254
0.2335 0.2205 0.5353 0.0107
0.0023 0.3003 0.0187 0.6786
0.5541 0.1473 0.1502 0.1484

MOTIF filter12
letter-probability matrix: alength= 4 w= 7 nsites= 46155
0.4952 0.1706 0.0362 0.2980
0.4612 0.2189 0.0924 0.2275
0.3948 0.3067 0.0239 0.2746
0.4716 0.1976 0.1226 0.2082
0.3122 0.2199 0.2173 0.2507
0.2690 0.2723 0.1094 0.3493
0.2776 0.2079 0.2055 0.3090

MOTIF filter13
letter-probability matrix: alength= 4 w= 7 nsites= 12398
0.0878 0.4036 0.1341 0.3745
0.2017 0.2642 0.1553 0.3787
0.2327 0.0571 0.2163 0.4939
0.1594 0.4467 0.2214 0.1725
0.0833 0.6109 0.2332 0.0726
0.4815 0.1875 0.0998 0.2313
0.1421 0.0963 0.4527 0.3090

MOTIF filter14
letter-probability matrix: alength= 4 w= 7 nsites= 38683
0.2217 0.4100 0.0430 0.3253
0.5681 0.0329 0.0641 0.3349
0.0002 0.0001 0.9988 0.0009
0.4598 0.1607 0.0932 0.2864
0.4348 0.0714 0.1895 0.3043
0.2499 0.2258 0.1934 0.3309
0.3256 0.2418 0.0847 0.3479

MOTIF filter15
letter-probability matrix: alength= 4 w= 7 nsites= 37548
0.4088 0.1991 0.1427 0.2494
0.3946 0.0983 0.4378 0.0693
0.6221 0.1492 0.2287 0.0000
0.1462 0.0013 0.8525 0.0000
0.4900 0.3597 0.0127 0.1376
0.5324 0.3405 0.0145 0.1126
0.2609 0.2317 0.0374 0.4700

