MEME version 4

ALPHABET= ACGU

Background letter frequencies:
A 0.2730 C 0.1984 G 0.2176 U 0.3109

MOTIF filter0
letter-probability matrix: alength= 4 w= 7 nsites= 25044
0.1873 0.0867 0.5342 0.1918
0.2178 0.1014 0.4209 0.2599
0.2389 0.1034 0.4241 0.2336
0.2553 0.1037 0.3848 0.2562
0.2066 0.0606 0.5343 0.1985
0.1747 0.1148 0.5401 0.1704
0.2595 0.1359 0.3665 0.2381

MOTIF filter1
letter-probability matrix: alength= 4 w= 7 nsites= 12772
0.1366 0.4287 0.1619 0.2729
0.3614 0.3043 0.0547 0.2796
0.4913 0.3237 0.1225 0.0625
0.6098 0.1393 0.1313 0.1195
0.4231 0.3241 0.1270 0.1257
0.3204 0.3198 0.0596 0.3002
0.1830 0.4185 0.0236 0.3748

MOTIF filter2
letter-probability matrix: alength= 4 w= 7 nsites= 94727
0.3126 0.2262 0.1764 0.2848
0.3336 0.1706 0.1498 0.3459
0.2207 0.1040 0.4273 0.2480
0.2682 0.1078 0.3876 0.2364
0.2692 0.1617 0.3561 0.2130
0.3533 0.2103 0.0850 0.3514
0.2643 0.1959 0.1756 0.3642

MOTIF filter3
letter-probability matrix: alength= 4 w= 7 nsites= 11985
0.3545 0.2329 0.2254 0.1873
0.4956 0.2074 0.0614 0.2355
0.4256 0.2026 0.1892 0.1827
0.2470 0.1107 0.4548 0.1876
0.1295 0.2537 0.4175 0.1993
0.1440 0.2756 0.3665 0.2139
0.3493 0.2449 0.1642 0.2416

MOTIF filter4
letter-probability matrix: alength= 4 w= 7 nsites= 12859
0.1576 0.3478 0.4547 0.0399
0.2349 0.3753 0.3007 0.0891
0.2114 0.3005 0.2602 0.2279
0.2140 0.1714 0.3922 0.2223
0.0610 0.2536 0.4902 0.1953
0.1253 0.2905 0.4226 0.1615
0.1584 0.2485 0.4228 0.1703

MOTIF filter5
letter-probability matrix: alength= 4 w= 7 nsites= 11243
0.3313 0.0903 0.3292 0.2491
0.2812 0.1274 0.3588 0.2326
0.3312 0.0998 0.3393 0.2298
0.3530 0.0806 0.3097 0.2568
0.2399 0.0581 0.3230 0.3790
0.0686 0.0630 0.6147 0.2536
0.2811 0.0845 0.4317 0.2028

MOTIF filter6
letter-probability matrix: alength= 4 w= 7 nsites= 9884
0.4218 0.2321 0.0269 0.3192
0.2490 0.2540 0.1185 0.3784
0.1278 0.2635 0.3457 0.2630
0.1851 0.1667 0.3473 0.3010
0.1507 0.1907 0.4385 0.2201
0.2546 0.1912 0.2206 0.3336
0.2523 0.1672 0.2624 0.3181

MOTIF filter7
letter-probability matrix: alength= 4 w= 7 nsites= 17147
0.2589 0.2922 0.3041 0.1448
0.2187 0.2423 0.2954 0.2435
0.1547 0.1346 0.4914 0.2193
0.2288 0.0682 0.3698 0.3332
0.2189 0.1065 0.4472 0.2274
0.3756 0.1357 0.2448 0.2439
0.3720 0.1132 0.2517 0.2630

MOTIF filter8
letter-probability matrix: alength= 4 w= 7 nsites= 11526
0.1007 0.2716 0.5035 0.1242
0.2001 0.4047 0.1905 0.2048
0.2957 0.3520 0.1455 0.2068
0.2425 0.2283 0.3270 0.2023
0.1883 0.2802 0.3637 0.1677
0.1226 0.3427 0.4167 0.1180
0.2467 0.3978 0.1550 0.2005

MOTIF filter9
letter-probability matrix: alength= 4 w= 7 nsites= 18351
0.2960 0.0587 0.3716 0.2737
0.1564 0.1226 0.5030 0.2180
0.2884 0.2102 0.2278 0.2735
0.2095 0.2611 0.2100 0.3194
0.2038 0.2323 0.1714 0.3925
0.1206 0.1559 0.2845 0.4390
0.1015 0.0880 0.5190 0.2915

MOTIF filter10
letter-probability matrix: alength= 4 w= 7 nsites= 40143
0.2071 0.1122 0.4282 0.2525
0.1947 0.0417 0.5685 0.1952
0.1797 0.1113 0.5683 0.1407
0.2910 0.1609 0.2785 0.2696
0.2873 0.2296 0.1461 0.3370
0.2654 0.1888 0.2041 0.3416
0.2201 0.1918 0.3127 0.2754

MOTIF filter11
letter-probability matrix: alength= 4 w= 7 nsites= 17928
0.0815 0.3111 0.0053 0.6022
0.0945 0.2997 0.0457 0.5601
0.0941 0.2898 0.2453 0.3708
0.2050 0.1769 0.2787 0.3394
0.1859 0.1036 0.4984 0.2121
0.2085 0.1208 0.4195 0.2513
0.2197 0.1278 0.4627 0.1897

MOTIF filter12
letter-probability matrix: alength= 4 w= 7 nsites= 66305
0.2769 0.3068 0.0919 0.3243
0.2858 0.2505 0.1511 0.3126
0.2809 0.2271 0.1996 0.2923
0.3074 0.1666 0.2287 0.2973
0.2175 0.1050 0.4720 0.2056
0.2818 0.1119 0.3940 0.2122
0.3094 0.1378 0.3393 0.2135

MOTIF filter13
letter-probability matrix: alength= 4 w= 7 nsites= 12145
0.2084 0.1312 0.2720 0.3883
0.2601 0.1859 0.1364 0.4176
0.3222 0.1469 0.1385 0.3923
0.2594 0.3437 0.1186 0.2783
0.2167 0.2892 0.0812 0.4128
0.1584 0.4675 0.0099 0.3642
0.3333 0.2631 0.0201 0.3836

MOTIF filter14
letter-probability matrix: alength= 4 w= 7 nsites= 10997
0.5160 0.0403 0.2532 0.1905
0.4449 0.0397 0.4398 0.0756
0.3556 0.0454 0.4906 0.1084
0.3005 0.1394 0.3877 0.1724
0.2977 0.2630 0.1482 0.2912
0.1306 0.3814 0.1326 0.3553
0.1615 0.3198 0.1136 0.4051

MOTIF filter15
letter-probability matrix: alength= 4 w= 7 nsites= 11358
0.1938 0.3127 0.1882 0.3053
0.3239 0.2124 0.1688 0.2949
0.3948 0.1935 0.1607 0.2510
0.3123 0.1450 0.3548 0.1880
0.1706 0.0915 0.5104 0.2275
0.0569 0.0288 0.7454 0.1690
0.2254 0.0574 0.4949 0.2223

