MEME version 4

ALPHABET= ACGU

Background letter frequencies:
A 0.2768 C 0.1961 G 0.2017 U 0.3254

MOTIF filter0
letter-probability matrix: alength= 4 w= 7 nsites= 24734
0.0714 0.0263 0.0382 0.8641
0.0869 0.0729 0.0929 0.7473
0.0912 0.0976 0.1087 0.7024
0.1674 0.0899 0.1279 0.6148
0.1968 0.1206 0.0931 0.5895
0.3308 0.0973 0.1156 0.4563
0.3955 0.1066 0.1163 0.3816

MOTIF filter1
letter-probability matrix: alength= 4 w= 7 nsites= 15450
0.2316 0.3566 0.0142 0.3976
0.3573 0.3204 0.0639 0.2584
0.4228 0.1389 0.1961 0.2422
0.4100 0.0377 0.2078 0.3444
0.2602 0.2292 0.1697 0.3409
0.1559 0.2878 0.0327 0.5236
0.0991 0.2971 0.0606 0.5432

MOTIF filter2
letter-probability matrix: alength= 4 w= 7 nsites= 15658
0.3566 0.0993 0.1334 0.4106
0.2576 0.0808 0.4074 0.2542
0.3123 0.1211 0.3849 0.1817
0.3298 0.1432 0.4266 0.1004
0.4123 0.1257 0.2218 0.2402
0.2676 0.0600 0.4688 0.2035
0.2774 0.0199 0.4058 0.2970

MOTIF filter3
letter-probability matrix: alength= 4 w= 7 nsites= 12625
0.3612 0.0683 0.3650 0.2056
0.2918 0.0277 0.5017 0.1788
0.1088 0.1037 0.5886 0.1989
0.1543 0.2550 0.3675 0.2231
0.1931 0.2674 0.2834 0.2561
0.1740 0.1881 0.3361 0.3018
0.1850 0.0926 0.3660 0.3565

MOTIF filter4
letter-probability matrix: alength= 4 w= 7 nsites= 10046
0.3720 0.4729 0.0778 0.0772
0.3983 0.4755 0.0580 0.0682
0.2874 0.3322 0.2122 0.1682
0.3492 0.1141 0.2405 0.2962
0.1141 0.0733 0.4527 0.3598
0.3024 0.0673 0.3418 0.2886
0.3924 0.0453 0.3739 0.1884

MOTIF filter5
letter-probability matrix: alength= 4 w= 7 nsites= 16458
0.2161 0.1868 0.3853 0.2119
0.1756 0.1610 0.4550 0.2084
0.1935 0.0949 0.3416 0.3699
0.3661 0.1773 0.1395 0.3171
0.3256 0.2367 0.0083 0.4295
0.2564 0.3470 0.0064 0.3902
0.1793 0.2501 0.0072 0.5634

MOTIF filter6
letter-probability matrix: alength= 4 w= 7 nsites= 18543
0.1813 0.1556 0.2163 0.4468
0.1985 0.1130 0.2132 0.4754
0.1572 0.0427 0.4368 0.3633
0.1488 0.1594 0.4447 0.2471
0.2700 0.1878 0.3819 0.1603
0.4099 0.2314 0.0751 0.2837
0.4112 0.1242 0.0848 0.3798

MOTIF filter7
letter-probability matrix: alength= 4 w= 7 nsites= 11634
0.2791 0.1040 0.2376 0.3794
0.1952 0.0875 0.4228 0.2946
0.0844 0.0832 0.5509 0.2816
0.1764 0.0369 0.5493 0.2373
0.1773 0.0879 0.5207 0.2141
0.2442 0.1004 0.3031 0.3524
0.1829 0.2025 0.3617 0.2529

MOTIF filter8
letter-probability matrix: alength= 4 w= 7 nsites= 7527
0.3597 0.2107 0.0692 0.3604
0.2621 0.1401 0.0931 0.5047
0.2413 0.1308 0.1346 0.4933
0.2498 0.1358 0.3419 0.2725
0.2059 0.1349 0.5805 0.0786
0.1767 0.0819 0.6269 0.1145
0.1438 0.0552 0.6457 0.1552

MOTIF filter9
letter-probability matrix: alength= 4 w= 7 nsites= 11517
0.3073 0.1062 0.4305 0.1561
0.3994 0.2377 0.1719 0.1910
0.2767 0.1995 0.1067 0.4172
0.1698 0.1792 0.3120 0.3389
0.0925 0.0897 0.4887 0.3291
0.1000 0.1537 0.6137 0.1326
0.2103 0.2215 0.4603 0.1079

MOTIF filter10
letter-probability matrix: alength= 4 w= 7 nsites= 24027
0.1962 0.2101 0.0833 0.5105
0.2216 0.2308 0.1060 0.4416
0.0831 0.2334 0.0793 0.6043
0.0944 0.1079 0.0532 0.7445
0.1003 0.0534 0.0793 0.7670
0.1441 0.0547 0.1014 0.6998
0.2189 0.0495 0.1300 0.6016

MOTIF filter11
letter-probability matrix: alength= 4 w= 7 nsites= 20639
0.2653 0.2339 0.2295 0.2713
0.3405 0.1698 0.1816 0.3081
0.2449 0.0865 0.4862 0.1824
0.2214 0.0310 0.5441 0.2035
0.1887 0.1424 0.5544 0.1145
0.2959 0.1708 0.2519 0.2815
0.2517 0.1627 0.3013 0.2844

MOTIF filter12
letter-probability matrix: alength= 4 w= 7 nsites= 24130
0.3529 0.2081 0.0904 0.3486
0.3293 0.2795 0.0145 0.3767
0.1945 0.3576 0.0008 0.4470
0.2993 0.2999 0.0104 0.3904
0.2054 0.2650 0.0659 0.4637
0.2972 0.2788 0.1333 0.2908
0.2015 0.2196 0.2302 0.3487

MOTIF filter13
letter-probability matrix: alength= 4 w= 7 nsites= 19740
0.3019 0.1717 0.0291 0.4973
0.1812 0.1919 0.0461 0.5808
0.2485 0.0933 0.0518 0.6064
0.2556 0.2167 0.0725 0.4552
0.1999 0.2854 0.0482 0.4665
0.2691 0.3497 0.0302 0.3509
0.3527 0.2836 0.0603 0.3034

MOTIF filter14
letter-probability matrix: alength= 4 w= 7 nsites= 29262
0.4059 0.0756 0.0459 0.4726
0.3064 0.0908 0.0370 0.5659
0.1768 0.1855 0.0060 0.6318
0.1707 0.1805 0.0106 0.6381
0.1928 0.2347 0.0576 0.5149
0.2491 0.1440 0.0618 0.5451
0.1873 0.1622 0.0788 0.5718

MOTIF filter15
letter-probability matrix: alength= 4 w= 7 nsites= 12494
0.1780 0.5074 0.0663 0.2484
0.1508 0.3159 0.1848 0.3485
0.1066 0.1930 0.2808 0.4196
0.0461 0.0687 0.4235 0.4618
0.0323 0.0827 0.3102 0.5747
0.0749 0.2592 0.2345 0.4314
0.1803 0.2832 0.0649 0.4716

