MEME version 4

ALPHABET= ACGU

Background letter frequencies:
A 0.2564 C 0.1998 G 0.2266 U 0.3172

MOTIF filter0
letter-probability matrix: alength= 4 w= 7 nsites= 233580
0.3601 0.0822 0.1219 0.4358
0.5623 0.0378 0.3858 0.0140
0.2153 0.0000 0.7847 0.0000
0.0215 0.2805 0.1661 0.5320
0.3707 0.2788 0.0000 0.3505
0.2481 0.4288 0.0339 0.2892
0.4119 0.1155 0.1769 0.2958

MOTIF filter1
letter-probability matrix: alength= 4 w= 7 nsites= 173906
0.6806 0.2083 0.0226 0.0885
0.4398 0.0474 0.5090 0.0038
0.1856 0.0850 0.2725 0.4569
0.1455 0.1457 0.6578 0.0511
0.2996 0.3768 0.1547 0.1689
0.3820 0.3723 0.0910 0.1547
0.3131 0.2975 0.1098 0.2796

MOTIF filter2
letter-probability matrix: alength= 4 w= 7 nsites= 79661
0.2781 0.3865 0.1958 0.1395
0.2109 0.3922 0.1543 0.2426
0.1555 0.0565 0.1947 0.5933
0.1749 0.1720 0.2535 0.3996
0.2236 0.3328 0.1819 0.2616
0.3589 0.2345 0.2484 0.1582
0.2831 0.3103 0.3387 0.0679

MOTIF filter3
letter-probability matrix: alength= 4 w= 7 nsites= 52198
0.2102 0.0113 0.7775 0.0010
0.8477 0.0085 0.0622 0.0816
0.2358 0.0163 0.7439 0.0040
0.7150 0.0390 0.0238 0.2223
0.1042 0.2862 0.5600 0.0496
0.4517 0.0409 0.1151 0.3924
0.1124 0.0442 0.5975 0.2459

MOTIF filter4
letter-probability matrix: alength= 4 w= 7 nsites= 25889
0.5597 0.0816 0.1612 0.1975
0.5408 0.1369 0.2592 0.0632
0.0282 0.3218 0.0027 0.6474
0.1083 0.0085 0.8564 0.0268
0.1720 0.6400 0.0810 0.1070
0.2175 0.3862 0.0809 0.3154
0.0584 0.0017 0.0048 0.9352

MOTIF filter5
letter-probability matrix: alength= 4 w= 7 nsites= 73991
0.1943 0.2700 0.4556 0.0802
0.0413 0.1037 0.0001 0.8549
0.0057 0.0020 0.9525 0.0398
0.4658 0.2042 0.2698 0.0602
0.6661 0.1254 0.0619 0.1466
0.3510 0.1218 0.2745 0.2526
0.2325 0.1765 0.4525 0.1384

MOTIF filter6
letter-probability matrix: alength= 4 w= 7 nsites= 112367
0.3147 0.0593 0.0474 0.5786
0.2485 0.0270 0.0278 0.6967
0.2277 0.0061 0.0115 0.7546
0.1911 0.0000 0.0147 0.7943
0.2524 0.0028 0.0859 0.6589
0.1885 0.0465 0.1960 0.5689
0.3542 0.0572 0.2436 0.3450

MOTIF filter7
letter-probability matrix: alength= 4 w= 7 nsites= 240594
0.0086 0.0214 0.0010 0.9691
0.3114 0.0599 0.0052 0.6234
0.0001 0.5528 0.0000 0.4472
0.3949 0.3904 0.0068 0.2079
0.2847 0.2196 0.2459 0.2498
0.2292 0.1999 0.1703 0.4005
0.2906 0.1895 0.1957 0.3243

MOTIF filter8
letter-probability matrix: alength= 4 w= 7 nsites= 185244
0.3531 0.2572 0.2355 0.1542
0.4351 0.2930 0.1389 0.1331
0.6536 0.1987 0.0000 0.1477
0.2727 0.1977 0.2921 0.2375
0.4423 0.2825 0.0011 0.2741
0.2205 0.0040 0.0015 0.7740
0.0538 0.0011 0.9451 0.0000

MOTIF filter9
letter-probability matrix: alength= 4 w= 7 nsites= 59764
0.0613 0.1957 0.0135 0.7296
0.6299 0.0001 0.0805 0.2896
0.1385 0.2689 0.0037 0.5889
0.4297 0.0605 0.4808 0.0291
0.4262 0.0748 0.0148 0.4842
0.1664 0.4449 0.2741 0.1145
0.0096 0.0265 0.0288 0.9351

MOTIF filter10
letter-probability matrix: alength= 4 w= 7 nsites= 65403
0.0699 0.0066 0.0604 0.8632
0.1717 0.0063 0.8099 0.0121
0.1574 0.0820 0.4096 0.3510
0.3923 0.0326 0.5023 0.0729
0.0326 0.0045 0.1761 0.7868
0.0792 0.0088 0.8757 0.0362
0.1030 0.0642 0.3117 0.5212

MOTIF filter11
letter-probability matrix: alength= 4 w= 7 nsites= 130664
0.3138 0.1220 0.5006 0.0636
0.2325 0.1448 0.6102 0.0124
0.0384 0.3639 0.4543 0.1433
0.4762 0.3209 0.1540 0.0489
0.3180 0.0340 0.6390 0.0090
0.0095 0.4639 0.5210 0.0056
0.1783 0.4121 0.2530 0.1565

MOTIF filter12
letter-probability matrix: alength= 4 w= 7 nsites= 109875
0.0935 0.1590 0.0405 0.7069
0.0367 0.0536 0.0256 0.8841
0.0547 0.0155 0.0690 0.8608
0.0522 0.0097 0.0029 0.9352
0.0397 0.1247 0.0037 0.8319
0.2163 0.0192 0.0244 0.7401
0.1077 0.1215 0.0648 0.7060

MOTIF filter13
letter-probability matrix: alength= 4 w= 7 nsites= 168590
0.1717 0.1796 0.0709 0.5778
0.1160 0.0781 0.3819 0.4239
0.1240 0.0309 0.0108 0.8344
0.2830 0.0877 0.2117 0.4176
0.0014 0.1064 0.0000 0.8923
0.0000 0.1053 0.8774 0.0173
0.1589 0.0764 0.1244 0.6402

MOTIF filter14
letter-probability matrix: alength= 4 w= 7 nsites= 292910
0.1359 0.2442 0.5818 0.0380
0.2496 0.1891 0.1428 0.4186
0.2188 0.4514 0.3265 0.0032
0.0000 0.0007 0.0222 0.9771
0.1561 0.1502 0.4479 0.2458
0.2109 0.2066 0.1121 0.4705
0.2425 0.1938 0.2823 0.2813

MOTIF filter15
letter-probability matrix: alength= 4 w= 7 nsites= 148320
0.1352 0.2650 0.2485 0.3514
0.0123 0.1325 0.0132 0.8420
0.0224 0.4725 0.0066 0.4984
0.5317 0.2382 0.1026 0.1274
0.1376 0.2924 0.3085 0.2615
0.3778 0.2414 0.2296 0.1512
0.1259 0.3477 0.2784 0.2480

