MEME version 4

ALPHABET= ACGU

Background letter frequencies:
A 0.2877 C 0.1958 G 0.1901 U 0.3264

MOTIF filter0
letter-probability matrix: alength= 4 w= 7 nsites= 7362
0.3029 0.1601 0.1261 0.4109
0.2851 0.3151 0.0906 0.3093
0.3079 0.5121 0.0417 0.1383
0.3742 0.4787 0.0405 0.1067
0.3213 0.2421 0.3078 0.1288
0.3261 0.0703 0.3372 0.2664
0.2559 0.1449 0.3431 0.2562

MOTIF filter1
letter-probability matrix: alength= 4 w= 7 nsites= 14182
0.4182 0.2287 0.1072 0.2459
0.3854 0.2186 0.0911 0.3049
0.1759 0.2247 0.3391 0.2603
0.3121 0.0578 0.3392 0.2909
0.2254 0.0845 0.5144 0.1757
0.2278 0.1171 0.3348 0.3204
0.1181 0.1597 0.3288 0.3933

MOTIF filter2
letter-probability matrix: alength= 4 w= 7 nsites= 13334
0.1149 0.0973 0.4232 0.3645
0.1802 0.1506 0.2979 0.3713
0.3388 0.1757 0.3480 0.1374
0.5072 0.1462 0.1493 0.1973
0.6309 0.0983 0.0765 0.1943
0.5250 0.0439 0.1484 0.2828
0.4412 0.1212 0.1513 0.2863

MOTIF filter3
letter-probability matrix: alength= 4 w= 7 nsites= 9127
0.1240 0.1522 0.3837 0.3401
0.1417 0.0847 0.3934 0.3802
0.1396 0.2241 0.4589 0.1774
0.0922 0.2218 0.3782 0.3079
0.1112 0.3289 0.2247 0.3352
0.2872 0.1921 0.1296 0.3912
0.2880 0.1702 0.3684 0.1734

MOTIF filter4
letter-probability matrix: alength= 4 w= 7 nsites= 11189
0.6752 0.0440 0.2086 0.0723
0.6754 0.0607 0.1751 0.0888
0.6806 0.0487 0.1201 0.1506
0.4647 0.0891 0.3022 0.1440
0.4236 0.1818 0.2772 0.1174
0.3633 0.2989 0.2737 0.0641
0.5193 0.3281 0.0485 0.1042

MOTIF filter5
letter-probability matrix: alength= 4 w= 7 nsites= 20137
0.3061 0.2600 0.0076 0.4262
0.2290 0.2578 0.0214 0.4918
0.3073 0.2200 0.0604 0.4122
0.2167 0.1430 0.0662 0.5741
0.1590 0.0957 0.0553 0.6900
0.2293 0.0684 0.0498 0.6525
0.3393 0.1354 0.0518 0.4734

MOTIF filter6
letter-probability matrix: alength= 4 w= 7 nsites= 21090
0.2933 0.0427 0.3097 0.3544
0.3637 0.1046 0.2506 0.2810
0.5382 0.1381 0.0979 0.2258
0.4166 0.3182 0.0476 0.2176
0.3213 0.3330 0.0018 0.3438
0.1756 0.3483 0.0001 0.4760
0.3108 0.1738 0.0266 0.4888

MOTIF filter7
letter-probability matrix: alength= 4 w= 7 nsites= 19964
0.2200 0.2337 0.1724 0.3739
0.1958 0.2621 0.0924 0.4496
0.1467 0.1856 0.1879 0.4798
0.1343 0.1030 0.4279 0.3348
0.0586 0.0789 0.5225 0.3399
0.2112 0.1119 0.4971 0.1797
0.2333 0.0904 0.2384 0.4380

MOTIF filter8
letter-probability matrix: alength= 4 w= 7 nsites= 9730
0.5381 0.1026 0.0715 0.2878
0.5138 0.0900 0.0407 0.3556
0.5669 0.0632 0.0406 0.3294
0.5802 0.2712 0.0278 0.1207
0.4500 0.3507 0.0585 0.1408
0.2846 0.4209 0.0816 0.2130
0.4035 0.2056 0.1445 0.2464

MOTIF filter9
letter-probability matrix: alength= 4 w= 7 nsites= 12584
0.1790 0.1052 0.2073 0.5085
0.1716 0.0986 0.4320 0.2978
0.1946 0.1233 0.3874 0.2948
0.1198 0.1449 0.4706 0.2647
0.1475 0.2600 0.3722 0.2203
0.1718 0.3086 0.2578 0.2618
0.1741 0.3253 0.1771 0.3235

MOTIF filter10
letter-probability matrix: alength= 4 w= 7 nsites= 14148
0.3984 0.3036 0.1057 0.1923
0.2397 0.2199 0.2690 0.2714
0.2348 0.1570 0.4101 0.1981
0.1096 0.1933 0.4984 0.1987
0.2417 0.2621 0.4064 0.0897
0.2287 0.4164 0.2780 0.0769
0.3195 0.3284 0.2227 0.1295

MOTIF filter11
letter-probability matrix: alength= 4 w= 7 nsites= 13188
0.3645 0.2583 0.2250 0.1521
0.5429 0.1570 0.1422 0.1579
0.6816 0.0721 0.1667 0.0796
0.5237 0.0399 0.2432 0.1931
0.3172 0.0237 0.4292 0.2299
0.0839 0.0487 0.4769 0.3905
0.2097 0.1184 0.3893 0.2826

MOTIF filter12
letter-probability matrix: alength= 4 w= 7 nsites= 17931
0.2879 0.1158 0.2918 0.3045
0.2569 0.0906 0.2771 0.3754
0.1965 0.1441 0.2904 0.3690
0.2489 0.1831 0.0547 0.5133
0.2390 0.1223 0.0869 0.5518
0.1523 0.0565 0.3778 0.4134
0.1500 0.0593 0.4393 0.3514

MOTIF filter13
letter-probability matrix: alength= 4 w= 7 nsites= 14592
0.2837 0.3382 0.0327 0.3454
0.4980 0.1646 0.0532 0.2843
0.5403 0.2035 0.1354 0.1207
0.4762 0.2118 0.1381 0.1738
0.4308 0.3058 0.1015 0.1619
0.4164 0.2223 0.0738 0.2875
0.3352 0.3383 0.0996 0.2269

MOTIF filter14
letter-probability matrix: alength= 4 w= 7 nsites= 15707
0.2114 0.0399 0.1361 0.6126
0.1848 0.0458 0.0368 0.7325
0.2298 0.0542 0.0850 0.6310
0.2294 0.0293 0.2300 0.5112
0.3881 0.0167 0.2317 0.3634
0.3398 0.0081 0.3296 0.3225
0.4247 0.0184 0.2380 0.3189

MOTIF filter15
letter-probability matrix: alength= 4 w= 7 nsites= 9537
0.2852 0.1128 0.4203 0.1817
0.2021 0.1414 0.4662 0.1903
0.2934 0.1515 0.2681 0.2871
0.2006 0.2893 0.2431 0.2671
0.3474 0.2346 0.2045 0.2135
0.2440 0.2350 0.4741 0.0470
0.2614 0.0503 0.5926 0.0957

