MEME version 4

ALPHABET= ACGU

Background letter frequencies:
A 0.2753 C 0.1945 G 0.2014 U 0.3288

MOTIF filter0
letter-probability matrix: alength= 4 w= 7 nsites= 46632
0.2764 0.3982 0.1691 0.1563
0.3049 0.3352 0.1817 0.1782
0.1897 0.2360 0.0256 0.5487
0.4334 0.0818 0.2652 0.2196
0.0010 0.0093 0.9897 0.0000
0.2737 0.2374 0.2329 0.2560
0.2780 0.3220 0.0693 0.3307

MOTIF filter1
letter-probability matrix: alength= 4 w= 7 nsites= 26491
0.0696 0.0391 0.4374 0.4538
0.4224 0.2610 0.2252 0.0914
0.7975 0.0828 0.0220 0.0978
0.0361 0.0084 0.1176 0.8378
0.1951 0.3117 0.4263 0.0669
0.4135 0.1426 0.1073 0.3367
0.3222 0.1747 0.2345 0.2685

MOTIF filter2
letter-probability matrix: alength= 4 w= 7 nsites= 25092
0.0138 0.5079 0.0019 0.4763
0.2657 0.0936 0.0430 0.5978
0.2099 0.1023 0.0079 0.6799
0.3013 0.0595 0.0034 0.6358
0.0574 0.5165 0.0007 0.4254
0.4039 0.1140 0.0015 0.4806
0.4284 0.3226 0.0195 0.2295

MOTIF filter3
letter-probability matrix: alength= 4 w= 7 nsites= 10123
0.0665 0.1118 0.0527 0.7690
0.0469 0.8861 0.0319 0.0351
0.6194 0.0861 0.0920 0.2024
0.1871 0.3753 0.2913 0.1462
0.0850 0.4129 0.3900 0.1121
0.3222 0.4663 0.1386 0.0729
0.0833 0.0389 0.0210 0.8567

MOTIF filter4
letter-probability matrix: alength= 4 w= 7 nsites= 21936
0.2557 0.0110 0.5029 0.2304
0.0887 0.2636 0.0980 0.5497
0.0676 0.4334 0.0038 0.4952
0.3134 0.3122 0.0096 0.3648
0.0092 0.9034 0.0088 0.0786
0.6860 0.0282 0.0982 0.1876
0.3072 0.1260 0.1522 0.4146

MOTIF filter5
letter-probability matrix: alength= 4 w= 7 nsites= 60719
0.3620 0.0606 0.0074 0.5699
0.4098 0.1006 0.0146 0.4749
0.3211 0.0801 0.0443 0.5545
0.0543 0.0666 0.0419 0.8372
0.0252 0.0287 0.2849 0.6612
0.0995 0.0877 0.3575 0.4553
0.4486 0.0083 0.0731 0.4700

MOTIF filter6
letter-probability matrix: alength= 4 w= 7 nsites= 26245
0.0834 0.0510 0.3482 0.5174
0.0143 0.0430 0.2463 0.6964
0.2309 0.0082 0.2469 0.5140
0.0717 0.0812 0.5109 0.3362
0.0274 0.0179 0.4612 0.4934
0.0599 0.4216 0.0749 0.4436
0.1589 0.0640 0.0903 0.6869

MOTIF filter7
letter-probability matrix: alength= 4 w= 7 nsites= 16531
0.2074 0.5343 0.1778 0.0806
0.2778 0.1487 0.0094 0.5641
0.1816 0.1078 0.0665 0.6441
0.3655 0.0182 0.0528 0.5635
0.0472 0.0843 0.8572 0.0113
0.4710 0.2509 0.1626 0.1155
0.3118 0.0922 0.3527 0.2434

MOTIF filter8
letter-probability matrix: alength= 4 w= 7 nsites= 18988
0.4211 0.3976 0.0116 0.1696
0.3340 0.4267 0.0048 0.2345
0.0993 0.5675 0.0012 0.3320
0.6691 0.0408 0.0512 0.2390
0.1003 0.1074 0.0709 0.7215
0.3223 0.3446 0.0446 0.2885
0.1891 0.5342 0.0504 0.2263

MOTIF filter9
letter-probability matrix: alength= 4 w= 7 nsites= 13058
0.2006 0.0748 0.0227 0.7020
0.1491 0.0923 0.0387 0.7200
0.1185 0.3476 0.0135 0.5204
0.3130 0.5575 0.0620 0.0674
0.0289 0.2391 0.0056 0.7264
0.3939 0.1808 0.0681 0.3573
0.4337 0.2109 0.2168 0.1386

MOTIF filter10
letter-probability matrix: alength= 4 w= 7 nsites= 42445
0.0433 0.0235 0.8466 0.0866
0.2855 0.3045 0.0674 0.3426
0.3687 0.2618 0.0282 0.3413
0.3635 0.1339 0.0638 0.4388
0.1090 0.1005 0.6513 0.1392
0.3451 0.1868 0.0338 0.4343
0.2652 0.1603 0.3079 0.2666

MOTIF filter11
letter-probability matrix: alength= 4 w= 7 nsites= 31774
0.2154 0.2259 0.4853 0.0734
0.0607 0.4082 0.4412 0.0898
0.5367 0.2475 0.1307 0.0852
0.0754 0.3614 0.2072 0.3560
0.7444 0.0103 0.1524 0.0929
0.1441 0.0933 0.3968 0.3658
0.4104 0.1845 0.3381 0.0670

MOTIF filter12
letter-probability matrix: alength= 4 w= 7 nsites= 14494
0.1573 0.3102 0.3418 0.1907
0.1152 0.3633 0.4203 0.1013
0.1162 0.1026 0.1542 0.6271
0.4028 0.0717 0.0910 0.4345
0.1167 0.4098 0.0703 0.4032
0.1427 0.7070 0.0077 0.1426
0.3318 0.2907 0.2827 0.0948

MOTIF filter13
letter-probability matrix: alength= 4 w= 7 nsites= 37827
0.4821 0.0644 0.0406 0.4129
0.0445 0.0805 0.4500 0.4250
0.1339 0.1908 0.3618 0.3135
0.3967 0.1032 0.3687 0.1313
0.4536 0.2075 0.3185 0.0204
0.1797 0.2790 0.1729 0.3684
0.0563 0.2096 0.0083 0.7258

MOTIF filter14
letter-probability matrix: alength= 4 w= 7 nsites= 34505
0.3142 0.1790 0.0260 0.4808
0.0071 0.0909 0.9015 0.0005
0.5790 0.0460 0.0097 0.3654
0.1902 0.1398 0.5774 0.0926
0.3257 0.3989 0.2171 0.0582
0.1202 0.1503 0.0772 0.6522
0.2537 0.0910 0.0811 0.5742

MOTIF filter15
letter-probability matrix: alength= 4 w= 7 nsites= 33601
0.0223 0.1155 0.8433 0.0188
0.0420 0.2532 0.7028 0.0021
0.4482 0.2997 0.1056 0.1465
0.1756 0.2317 0.0717 0.5211
0.1168 0.1592 0.2512 0.4728
0.1696 0.0782 0.1069 0.6453
0.1922 0.0584 0.2650 0.4845

