MEME version 4

ALPHABET= ACGU

Background letter frequencies:
A 0.2866 C 0.1918 G 0.2014 U 0.3202

MOTIF filter0
letter-probability matrix: alength= 4 w= 7 nsites= 19664
0.2410 0.1518 0.1953 0.4119
0.2702 0.1390 0.1373 0.4535
0.2904 0.1182 0.1496 0.4418
0.2846 0.0727 0.1805 0.4622
0.1963 0.0397 0.4380 0.3261
0.1941 0.0228 0.4043 0.3788
0.1078 0.0168 0.6086 0.2669

MOTIF filter1
letter-probability matrix: alength= 4 w= 7 nsites= 18487
0.2316 0.1745 0.2652 0.3287
0.2380 0.2074 0.2244 0.3302
0.2873 0.1811 0.1122 0.4194
0.2069 0.1106 0.3667 0.3158
0.2343 0.0468 0.3559 0.3630
0.1359 0.0238 0.6283 0.2120
0.2213 0.0950 0.3601 0.3236

MOTIF filter2
letter-probability matrix: alength= 4 w= 7 nsites= 8083
0.2029 0.1024 0.0803 0.6144
0.3653 0.0345 0.0419 0.5583
0.2994 0.2629 0.0288 0.4089
0.2587 0.4201 0.0282 0.2931
0.1692 0.4269 0.0511 0.3529
0.3684 0.2445 0.0465 0.3407
0.3853 0.3079 0.0566 0.2502

MOTIF filter3
letter-probability matrix: alength= 4 w= 7 nsites= 17074
0.5646 0.1435 0.1668 0.1251
0.4513 0.0759 0.1025 0.3703
0.3189 0.0837 0.2220 0.3754
0.2188 0.1724 0.2452 0.3636
0.3367 0.1789 0.2789 0.2055
0.3120 0.2929 0.1735 0.2216
0.3076 0.2833 0.0918 0.3172

MOTIF filter4
letter-probability matrix: alength= 4 w= 7 nsites= 91700
0.2325 0.0836 0.4283 0.2557
0.2596 0.1564 0.4252 0.1588
0.3492 0.2155 0.1897 0.2456
0.3266 0.1991 0.1751 0.2992
0.2814 0.1930 0.2494 0.2762
0.2903 0.2004 0.2227 0.2866
0.2836 0.2087 0.2342 0.2736

MOTIF filter5
letter-probability matrix: alength= 4 w= 7 nsites= 11605
0.2614 0.1439 0.2738 0.3210
0.1945 0.2802 0.2855 0.2398
0.2862 0.2437 0.2673 0.2029
0.3052 0.2782 0.0853 0.3313
0.3007 0.1533 0.0569 0.4890
0.4329 0.1049 0.0153 0.4469
0.5041 0.2140 0.0157 0.2663

MOTIF filter6
letter-probability matrix: alength= 4 w= 7 nsites= 17865
0.3382 0.1043 0.3636 0.1939
0.3330 0.0750 0.3923 0.1997
0.3390 0.0749 0.4008 0.1853
0.4093 0.0798 0.2666 0.2443
0.3209 0.0339 0.4533 0.1920
0.2345 0.0601 0.5177 0.1877
0.2879 0.0867 0.4207 0.2047

MOTIF filter7
letter-probability matrix: alength= 4 w= 7 nsites= 8713
0.3251 0.4206 0.0235 0.2308
0.3088 0.2822 0.2325 0.1764
0.3900 0.2139 0.2416 0.1544
0.2449 0.3604 0.2770 0.1176
0.3931 0.3865 0.0662 0.1542
0.2336 0.4021 0.2657 0.0987
0.3790 0.2885 0.2363 0.0961

MOTIF filter8
letter-probability matrix: alength= 4 w= 7 nsites= 13838
0.2685 0.1969 0.1938 0.3408
0.2216 0.1474 0.2728 0.3582
0.2719 0.1048 0.2871 0.3362
0.2582 0.0473 0.5105 0.1839
0.1666 0.0824 0.6303 0.1207
0.2621 0.0961 0.5645 0.0773
0.2383 0.2019 0.4671 0.0927

MOTIF filter9
letter-probability matrix: alength= 4 w= 7 nsites= 11215
0.1522 0.0960 0.4702 0.2817
0.0895 0.0723 0.5925 0.2457
0.1801 0.0843 0.4400 0.2956
0.3436 0.0574 0.4180 0.1809
0.3593 0.0899 0.2145 0.3362
0.2553 0.2480 0.1427 0.3540
0.1679 0.3326 0.1561 0.3433

MOTIF filter10
letter-probability matrix: alength= 4 w= 7 nsites= 10368
0.2977 0.2591 0.0499 0.3933
0.1125 0.1841 0.1244 0.5791
0.0302 0.0338 0.1615 0.7745
0.2375 0.0452 0.2070 0.5103
0.3603 0.0617 0.2389 0.3391
0.4190 0.2185 0.2654 0.0971
0.3984 0.2596 0.2621 0.0798

MOTIF filter11
letter-probability matrix: alength= 4 w= 7 nsites= 18378
0.3368 0.3469 0.0466 0.2697
0.3205 0.3046 0.0957 0.2791
0.3310 0.4379 0.1300 0.1011
0.1773 0.3370 0.1254 0.3603
0.0719 0.2869 0.2062 0.4350
0.0601 0.2796 0.1871 0.4732
0.1435 0.3386 0.2127 0.3051

MOTIF filter12
letter-probability matrix: alength= 4 w= 7 nsites= 124289
0.2985 0.1714 0.2189 0.3112
0.2936 0.1830 0.2084 0.3150
0.2913 0.1998 0.2026 0.3063
0.3006 0.2059 0.1902 0.3033
0.3146 0.1560 0.2073 0.3220
0.2277 0.0879 0.4476 0.2368
0.2348 0.0960 0.4303 0.2389

MOTIF filter13
letter-probability matrix: alength= 4 w= 7 nsites= 7420
0.1893 0.4254 0.2159 0.1695
0.1453 0.5625 0.1410 0.1511
0.1313 0.6536 0.0605 0.1546
0.1033 0.7392 0.0620 0.0955
0.1358 0.6397 0.1289 0.0956
0.1251 0.5886 0.1727 0.1136
0.1440 0.5203 0.2523 0.0834

MOTIF filter14
letter-probability matrix: alength= 4 w= 7 nsites= 20286
0.1993 0.1281 0.4712 0.2014
0.2467 0.1526 0.3599 0.2407
0.2141 0.2253 0.3383 0.2222
0.2893 0.1965 0.2557 0.2586
0.3780 0.2357 0.0908 0.2955
0.3783 0.1460 0.1546 0.3210
0.2550 0.1509 0.3574 0.2368

MOTIF filter15
letter-probability matrix: alength= 4 w= 7 nsites= 40069
0.2618 0.1726 0.3561 0.2095
0.3501 0.0430 0.3617 0.2452
0.2899 0.0816 0.4515 0.1770
0.4029 0.1591 0.1480 0.2900
0.3547 0.1754 0.2218 0.2481
0.3436 0.1759 0.1774 0.3032
0.3164 0.1505 0.1938 0.3393

