MEME version 4

ALPHABET= ACGU

Background letter frequencies:
A 0.2685 C 0.2007 G 0.2106 U 0.3202

MOTIF filter0
letter-probability matrix: alength= 4 w= 7 nsites= 25291
0.3281 0.1052 0.2342 0.3324
0.1505 0.0790 0.4627 0.3077
0.0834 0.0631 0.4395 0.4141
0.1927 0.1449 0.5080 0.1544
0.2715 0.1451 0.2433 0.3401
0.2546 0.1899 0.2501 0.3054
0.2387 0.1573 0.2040 0.3999

MOTIF filter1
letter-probability matrix: alength= 4 w= 7 nsites= 11430
0.2848 0.4194 0.2285 0.0673
0.3112 0.2867 0.2949 0.1072
0.1924 0.3380 0.2949 0.1747
0.2484 0.2970 0.2158 0.2388
0.2129 0.3134 0.1833 0.2904
0.2737 0.2637 0.2660 0.1967
0.2448 0.1856 0.4228 0.1468

MOTIF filter2
letter-probability matrix: alength= 4 w= 7 nsites= 12904
0.2182 0.0804 0.6247 0.0767
0.2007 0.0756 0.6251 0.0986
0.0774 0.1312 0.6231 0.1683
0.1032 0.1934 0.3466 0.3568
0.1673 0.2399 0.2464 0.3464
0.3110 0.2088 0.2264 0.2537
0.3773 0.2306 0.3256 0.0665

MOTIF filter3
letter-probability matrix: alength= 4 w= 7 nsites= 10019
0.3024 0.0866 0.5288 0.0822
0.3659 0.1578 0.4031 0.0732
0.3635 0.2144 0.2089 0.2132
0.3724 0.1562 0.2826 0.1888
0.2630 0.0695 0.4763 0.1912
0.2608 0.0839 0.5976 0.0577
0.1994 0.1367 0.5139 0.1500

MOTIF filter4
letter-probability matrix: alength= 4 w= 7 nsites= 14927
0.3402 0.0433 0.1891 0.4274
0.2392 0.1465 0.1275 0.4868
0.2082 0.2622 0.3069 0.2227
0.0867 0.2931 0.3836 0.2365
0.1531 0.2299 0.3702 0.2468
0.1578 0.1488 0.2156 0.4778
0.2978 0.1433 0.1806 0.3783

MOTIF filter5
letter-probability matrix: alength= 4 w= 7 nsites= 14089
0.3222 0.1462 0.3270 0.2046
0.1763 0.0674 0.5823 0.1740
0.2480 0.0216 0.6337 0.0967
0.3772 0.0232 0.3888 0.2108
0.4428 0.1128 0.1506 0.2938
0.3185 0.1839 0.1455 0.3521
0.2402 0.2667 0.1864 0.3067

MOTIF filter6
letter-probability matrix: alength= 4 w= 7 nsites= 11425
0.2581 0.1949 0.2031 0.3439
0.5021 0.2061 0.1985 0.0932
0.4741 0.2019 0.2385 0.0856
0.5845 0.1058 0.2046 0.1052
0.3627 0.0661 0.2074 0.3639
0.4119 0.0689 0.0898 0.4294
0.4465 0.0697 0.0551 0.4286

MOTIF filter7
letter-probability matrix: alength= 4 w= 7 nsites= 12401
0.3746 0.0361 0.4710 0.1183
0.3464 0.0335 0.5801 0.0401
0.4908 0.1002 0.3188 0.0902
0.4388 0.1179 0.3275 0.1158
0.4662 0.1439 0.2408 0.1491
0.3518 0.1280 0.2789 0.2413
0.3355 0.1344 0.2854 0.2447

MOTIF filter8
letter-probability matrix: alength= 4 w= 7 nsites= 16256
0.0566 0.0467 0.2167 0.6800
0.0612 0.0681 0.1015 0.7692
0.0843 0.2012 0.0212 0.6934
0.3262 0.2348 0.0483 0.3907
0.3677 0.2413 0.1595 0.2315
0.3878 0.1668 0.2618 0.1836
0.2325 0.1527 0.3386 0.2762

MOTIF filter9
letter-probability matrix: alength= 4 w= 7 nsites= 15002
0.2659 0.2786 0.3206 0.1349
0.2483 0.1571 0.3100 0.2846
0.1228 0.1522 0.3577 0.3673
0.0776 0.2255 0.2609 0.4360
0.1253 0.3627 0.2130 0.2991
0.1456 0.4378 0.1802 0.2364
0.2270 0.5361 0.1520 0.0849

MOTIF filter10
letter-probability matrix: alength= 4 w= 7 nsites= 16808
0.3017 0.3091 0.2621 0.1271
0.3441 0.0874 0.4476 0.1209
0.1379 0.1649 0.5559 0.1413
0.2165 0.2248 0.3404 0.2183
0.2458 0.3026 0.1510 0.3007
0.3531 0.2725 0.0971 0.2772
0.2719 0.2623 0.1435 0.3223

MOTIF filter11
letter-probability matrix: alength= 4 w= 7 nsites= 13487
0.0841 0.0898 0.0874 0.7387
0.2381 0.0238 0.0614 0.6767
0.2816 0.1640 0.1631 0.3912
0.4643 0.1620 0.2479 0.1257
0.3668 0.2291 0.3433 0.0608
0.3820 0.1505 0.2680 0.1995
0.2339 0.2717 0.2001 0.2943

MOTIF filter12
letter-probability matrix: alength= 4 w= 7 nsites= 11048
0.1791 0.3178 0.3649 0.1383
0.1767 0.2401 0.1478 0.4354
0.0764 0.1471 0.1122 0.6643
0.1583 0.1524 0.0304 0.6590
0.3077 0.2248 0.0670 0.4005
0.4824 0.2252 0.1362 0.1563
0.4957 0.1226 0.2686 0.1131

MOTIF filter13
letter-probability matrix: alength= 4 w= 7 nsites= 30204
0.1449 0.0610 0.0969 0.6972
0.1596 0.0315 0.0611 0.7478
0.2079 0.0936 0.0153 0.6832
0.3372 0.0950 0.0510 0.5167
0.3158 0.1895 0.0939 0.4008
0.2944 0.1616 0.1500 0.3940
0.1737 0.1812 0.1424 0.5027

MOTIF filter14
letter-probability matrix: alength= 4 w= 7 nsites= 24127
0.1761 0.1188 0.1261 0.5790
0.1233 0.0638 0.0611 0.7518
0.0731 0.0448 0.0080 0.8741
0.2087 0.0387 0.0051 0.7475
0.2853 0.1329 0.0214 0.5604
0.3729 0.1544 0.1276 0.3452
0.3166 0.2169 0.1995 0.2670

MOTIF filter15
letter-probability matrix: alength= 4 w= 7 nsites= 29922
0.1570 0.0529 0.1962 0.5940
0.1843 0.0706 0.1556 0.5894
0.2332 0.0593 0.1259 0.5816
0.1720 0.0699 0.0903 0.6678
0.2227 0.0347 0.0722 0.6705
0.1923 0.0343 0.0279 0.7455
0.2273 0.1351 0.0396 0.5981

