MEME version 4

ALPHABET= ACGU

Background letter frequencies:
A 0.2468 C 0.2219 G 0.2038 U 0.3274

MOTIF filter0
letter-probability matrix: alength= 4 w= 7 nsites= 9317
0.0910 0.4151 0.2222 0.2718
0.2304 0.1700 0.1824 0.4171
0.2317 0.3022 0.1713 0.2947
0.2812 0.3102 0.0742 0.3344
0.1426 0.4658 0.1095 0.2821
0.1299 0.3883 0.0971 0.3847
0.0973 0.4561 0.1125 0.3341

MOTIF filter1
letter-probability matrix: alength= 4 w= 7 nsites= 7861
0.1598 0.3743 0.0537 0.4122
0.1247 0.3765 0.0459 0.4529
0.1151 0.1278 0.0552 0.7020
0.0668 0.3696 0.0950 0.4687
0.0865 0.4164 0.1687 0.3284
0.2334 0.4112 0.2325 0.1228
0.4235 0.1641 0.2064 0.2060

MOTIF filter2
letter-probability matrix: alength= 4 w= 7 nsites= 17225
0.2261 0.3128 0.1026 0.3585
0.0778 0.3434 0.0809 0.4978
0.3001 0.2499 0.1023 0.3476
0.4119 0.1363 0.1823 0.2696
0.4496 0.0846 0.2748 0.1910
0.2518 0.2182 0.2385 0.2915
0.1161 0.3600 0.1239 0.4000

MOTIF filter3
letter-probability matrix: alength= 4 w= 7 nsites= 9312
0.1890 0.1956 0.4403 0.1751
0.3172 0.1978 0.2112 0.2737
0.3543 0.1785 0.0642 0.4030
0.2175 0.4439 0.0457 0.2929
0.1238 0.4575 0.1331 0.2856
0.1040 0.3853 0.2878 0.2229
0.1284 0.1347 0.3518 0.3851

MOTIF filter4
letter-probability matrix: alength= 4 w= 7 nsites= 9403
0.1800 0.0963 0.4454 0.2783
0.1793 0.0747 0.6295 0.1164
0.1950 0.1771 0.5263 0.1016
0.1314 0.3109 0.3738 0.1839
0.2238 0.3568 0.1717 0.2478
0.2820 0.2281 0.2720 0.2178
0.4856 0.0999 0.2575 0.1570

MOTIF filter5
letter-probability matrix: alength= 4 w= 7 nsites= 8506
0.0760 0.4096 0.1310 0.3833
0.0857 0.3396 0.1049 0.4698
0.2160 0.3423 0.1962 0.2455
0.2457 0.0855 0.2901 0.3786
0.2000 0.3045 0.2588 0.2368
0.0847 0.5322 0.1754 0.2076
0.1055 0.6025 0.1039 0.1881

MOTIF filter6
letter-probability matrix: alength= 4 w= 7 nsites= 14647
0.1910 0.3849 0.1691 0.2550
0.1470 0.2830 0.2113 0.3587
0.0736 0.4825 0.1964 0.2475
0.0919 0.5041 0.1374 0.2665
0.0976 0.5798 0.0986 0.2239
0.0851 0.3619 0.1208 0.4322
0.0345 0.4843 0.1355 0.3458

MOTIF filter7
letter-probability matrix: alength= 4 w= 7 nsites= 13202
0.3352 0.2609 0.1500 0.2540
0.2718 0.2551 0.1163 0.3568
0.1639 0.2131 0.0600 0.5630
0.1034 0.4167 0.0370 0.4430
0.0735 0.3333 0.0330 0.5603
0.0644 0.4011 0.1043 0.4301
0.0605 0.3141 0.1530 0.4724

MOTIF filter8
letter-probability matrix: alength= 4 w= 7 nsites= 17108
0.1792 0.3436 0.2617 0.2155
0.2014 0.2972 0.3361 0.1653
0.3434 0.2581 0.3251 0.0735
0.3135 0.2730 0.3661 0.0474
0.3501 0.2565 0.3289 0.0645
0.2346 0.3306 0.3170 0.1178
0.3022 0.2847 0.2706 0.1425

MOTIF filter9
letter-probability matrix: alength= 4 w= 7 nsites= 20165
0.5049 0.0793 0.3620 0.0537
0.4036 0.0825 0.3499 0.1641
0.2278 0.2015 0.2911 0.2796
0.1613 0.2524 0.2484 0.3378
0.1372 0.2454 0.2875 0.3299
0.3235 0.1288 0.3300 0.2177
0.3122 0.1505 0.3925 0.1448

MOTIF filter10
letter-probability matrix: alength= 4 w= 7 nsites= 24637
0.3377 0.1729 0.1702 0.3192
0.3063 0.1633 0.1176 0.4128
0.4989 0.0537 0.1223 0.3251
0.4046 0.0324 0.2049 0.3580
0.4891 0.0034 0.1447 0.3628
0.3801 0.0052 0.1504 0.4642
0.4368 0.0158 0.1373 0.4101

MOTIF filter11
letter-probability matrix: alength= 4 w= 7 nsites= 14108
0.0298 0.4141 0.2391 0.3170
0.1626 0.1599 0.2640 0.4136
0.1749 0.2528 0.2910 0.2813
0.1971 0.3790 0.2462 0.1777
0.0909 0.3785 0.2316 0.2990
0.1172 0.3369 0.2589 0.2871
0.1469 0.1813 0.2194 0.4524

MOTIF filter12
letter-probability matrix: alength= 4 w= 7 nsites= 11324
0.2285 0.1820 0.4071 0.1823
0.2092 0.0961 0.4211 0.2736
0.1286 0.3499 0.3175 0.2039
0.0324 0.3280 0.1864 0.4532
0.0358 0.4277 0.1860 0.3505
0.1431 0.1322 0.3292 0.3955
0.2977 0.1459 0.4073 0.1491

MOTIF filter13
letter-probability matrix: alength= 4 w= 7 nsites= 17852
0.5074 0.1009 0.1085 0.2832
0.4525 0.0174 0.1042 0.4260
0.3809 0.0100 0.0751 0.5341
0.3280 0.0055 0.1224 0.5441
0.4010 0.0054 0.1318 0.4618
0.4144 0.0126 0.1178 0.4551
0.3137 0.0583 0.1038 0.5242

MOTIF filter14
letter-probability matrix: alength= 4 w= 7 nsites= 12661
0.1159 0.3708 0.3743 0.1390
0.0497 0.5486 0.3231 0.0786
0.1311 0.6313 0.1765 0.0610
0.1328 0.6885 0.1082 0.0705
0.2137 0.5898 0.1143 0.0821
0.1605 0.5122 0.1567 0.1705
0.2163 0.3797 0.2261 0.1779

MOTIF filter15
letter-probability matrix: alength= 4 w= 7 nsites= 8297
0.6687 0.1111 0.0420 0.1782
0.5537 0.1695 0.0490 0.2278
0.4171 0.1561 0.0511 0.3757
0.2486 0.3945 0.0354 0.3214
0.1378 0.3532 0.0266 0.4824
0.1126 0.3648 0.1425 0.3801
0.1402 0.2232 0.2042 0.4324

