MEME version 4

ALPHABET= ACGU

Background letter frequencies:
A 0.2869 C 0.1910 G 0.1997 U 0.3224

MOTIF filter0
letter-probability matrix: alength= 4 w= 7 nsites= 242075
0.4137 0.0728 0.1832 0.3303
0.4576 0.0806 0.2814 0.1805
0.3224 0.1788 0.3830 0.1158
0.3255 0.2171 0.3017 0.1557
0.2098 0.2689 0.2086 0.3126
0.2168 0.2343 0.1082 0.4407
0.2997 0.2796 0.0528 0.3680

MOTIF filter1
letter-probability matrix: alength= 4 w= 7 nsites= 451863
0.5045 0.1646 0.0031 0.3278
0.4596 0.2037 0.0231 0.3136
0.3196 0.3595 0.1310 0.1898
0.2361 0.3496 0.1336 0.2807
0.2406 0.3121 0.1342 0.3131
0.3378 0.1808 0.0377 0.4437
0.4408 0.1500 0.0443 0.3649

MOTIF filter2
letter-probability matrix: alength= 4 w= 7 nsites= 207372
0.1782 0.3211 0.4228 0.0778
0.2578 0.2436 0.3975 0.1011
0.2671 0.1093 0.4629 0.1607
0.1656 0.1531 0.4721 0.2093
0.1392 0.2377 0.3936 0.2295
0.2177 0.2476 0.2792 0.2555
0.3771 0.1549 0.2909 0.1770

MOTIF filter3
letter-probability matrix: alength= 4 w= 7 nsites= 1175392
0.3277 0.1957 0.1218 0.3549
0.3247 0.2079 0.1228 0.3446
0.3657 0.1460 0.0950 0.3933
0.2661 0.0799 0.3645 0.2895
0.2822 0.0791 0.3566 0.2821
0.2695 0.1217 0.3734 0.2353
0.3680 0.1666 0.1306 0.3348

MOTIF filter4
letter-probability matrix: alength= 4 w= 7 nsites= 199973
0.4496 0.1074 0.2803 0.1627
0.3758 0.1775 0.3204 0.1263
0.4104 0.1403 0.1854 0.2639
0.1298 0.2247 0.2772 0.3682
0.0773 0.1400 0.2746 0.5081
0.0745 0.1927 0.2888 0.4441
0.2758 0.1184 0.2017 0.4040

MOTIF filter5
letter-probability matrix: alength= 4 w= 7 nsites= 155893
0.1749 0.0322 0.4120 0.3809
0.1467 0.1760 0.3654 0.3119
0.2059 0.2383 0.3375 0.2182
0.2531 0.3929 0.0628 0.2912
0.1895 0.2464 0.0633 0.5007
0.1469 0.2771 0.1969 0.3791
0.3225 0.1637 0.2290 0.2849

MOTIF filter6
letter-probability matrix: alength= 4 w= 7 nsites= 196777
0.2756 0.4260 0.1784 0.1200
0.3842 0.3097 0.2080 0.0981
0.4269 0.1366 0.3077 0.1288
0.3729 0.1222 0.3738 0.1310
0.3592 0.1552 0.2352 0.2503
0.4650 0.1893 0.1713 0.1743
0.6225 0.1301 0.0793 0.1681

MOTIF filter7
letter-probability matrix: alength= 4 w= 7 nsites= 409636
0.1281 0.1592 0.1962 0.5165
0.1169 0.1515 0.2081 0.5235
0.1299 0.1126 0.1918 0.5657
0.1398 0.0564 0.2532 0.5506
0.1540 0.0390 0.1834 0.6236
0.1105 0.0242 0.3870 0.4783
0.1349 0.0713 0.3234 0.4705

MOTIF filter8
letter-probability matrix: alength= 4 w= 7 nsites= 223118
0.4904 0.0056 0.3066 0.1974
0.2945 0.0025 0.2961 0.4069
0.2449 0.0153 0.3155 0.4244
0.1724 0.0499 0.2856 0.4921
0.2343 0.0542 0.3730 0.3386
0.2872 0.0428 0.1942 0.4757
0.3656 0.0502 0.1084 0.4758

MOTIF filter9
letter-probability matrix: alength= 4 w= 7 nsites= 145434
0.1530 0.4693 0.1798 0.1978
0.2879 0.3124 0.1731 0.2265
0.2232 0.2103 0.4627 0.1038
0.2394 0.2527 0.4017 0.1062
0.0751 0.4171 0.3961 0.1116
0.1364 0.4429 0.0979 0.3228
0.1142 0.3380 0.2043 0.3435

MOTIF filter10
letter-probability matrix: alength= 4 w= 7 nsites= 135808
0.2632 0.0498 0.5555 0.1314
0.3579 0.0831 0.3215 0.2376
0.2736 0.0719 0.4485 0.2060
0.3412 0.1221 0.3084 0.2282
0.2634 0.2040 0.3907 0.1420
0.3026 0.2767 0.2633 0.1574
0.2340 0.3134 0.1936 0.2590

MOTIF filter11
letter-probability matrix: alength= 4 w= 7 nsites= 247839
0.5113 0.0775 0.1166 0.2946
0.3789 0.0312 0.3883 0.2015
0.3694 0.0539 0.4113 0.1654
0.4229 0.0573 0.4038 0.1160
0.4394 0.0582 0.3798 0.1227
0.3966 0.0725 0.3924 0.1385
0.3168 0.1348 0.3847 0.1637

MOTIF filter12
letter-probability matrix: alength= 4 w= 7 nsites= 381562
0.1841 0.3050 0.1948 0.3161
0.1869 0.2861 0.1578 0.3692
0.2495 0.1616 0.0460 0.5429
0.2684 0.1712 0.0213 0.5390
0.3251 0.1965 0.1298 0.3485
0.3412 0.1847 0.2136 0.2605
0.3285 0.0985 0.2058 0.3673

MOTIF filter13
letter-probability matrix: alength= 4 w= 7 nsites= 198726
0.1403 0.2532 0.2348 0.3717
0.1790 0.3726 0.1558 0.2926
0.2339 0.4649 0.1812 0.1201
0.2396 0.3793 0.0595 0.3216
0.2648 0.3603 0.0464 0.3285
0.3331 0.3568 0.0191 0.2910
0.3903 0.4785 0.0632 0.0680

MOTIF filter14
letter-probability matrix: alength= 4 w= 7 nsites= 132238
0.4869 0.3184 0.0122 0.1825
0.4676 0.2792 0.0123 0.2409
0.4536 0.1538 0.0298 0.3628
0.1937 0.1768 0.0307 0.5988
0.2402 0.0764 0.0285 0.6550
0.3740 0.1233 0.0191 0.4837
0.3879 0.1621 0.0275 0.4225

MOTIF filter15
letter-probability matrix: alength= 4 w= 7 nsites= 163328
0.1382 0.2249 0.3308 0.3062
0.1757 0.3042 0.0210 0.4991
0.3484 0.1685 0.0083 0.4748
0.4082 0.1614 0.0098 0.4206
0.4210 0.1111 0.0671 0.4007
0.2638 0.1881 0.0745 0.4735
0.1770 0.3222 0.0793 0.4215

