MEME version 4

ALPHABET= ACGU

Background letter frequencies:
A 0.2637 C 0.2128 G 0.2285 U 0.2951

MOTIF filter0
letter-probability matrix: alength= 4 w= 7 nsites= 13773
0.1868 0.4351 0.1844 0.1937
0.3380 0.5086 0.0417 0.1117
0.2749 0.5066 0.0177 0.2008
0.4718 0.2553 0.0846 0.1884
0.3245 0.1733 0.2636 0.2386
0.4225 0.0804 0.3480 0.1492
0.3489 0.1023 0.3050 0.2437

MOTIF filter1
letter-probability matrix: alength= 4 w= 7 nsites= 13677
0.2167 0.3036 0.2177 0.2619
0.1243 0.2732 0.2745 0.3280
0.1335 0.3373 0.3150 0.2141
0.2199 0.2686 0.1572 0.3542
0.3115 0.2805 0.1119 0.2962
0.2949 0.3449 0.0359 0.3242
0.2205 0.3385 0.1793 0.2617

MOTIF filter2
letter-probability matrix: alength= 4 w= 7 nsites= 19390
0.3926 0.3238 0.0102 0.2734
0.4075 0.4022 0.0056 0.1847
0.4187 0.2970 0.0061 0.2782
0.4887 0.2216 0.0065 0.2831
0.3697 0.1945 0.0266 0.4091
0.2989 0.2469 0.0986 0.3557
0.1260 0.2719 0.2395 0.3626

MOTIF filter3
letter-probability matrix: alength= 4 w= 7 nsites= 9492
0.3490 0.1117 0.1135 0.4258
0.3367 0.0893 0.3824 0.1917
0.3107 0.0774 0.4190 0.1929
0.1261 0.0603 0.5472 0.2664
0.2615 0.1559 0.3053 0.2774
0.2828 0.2603 0.2437 0.2132
0.5088 0.2654 0.0650 0.1608

MOTIF filter4
letter-probability matrix: alength= 4 w= 7 nsites= 14275
0.2029 0.2356 0.4087 0.1528
0.2857 0.2164 0.2411 0.2569
0.1692 0.2539 0.2771 0.2998
0.1901 0.2158 0.3467 0.2475
0.2151 0.1669 0.4682 0.1498
0.2564 0.1503 0.5280 0.0653
0.2796 0.2027 0.4488 0.0690

MOTIF filter5
letter-probability matrix: alength= 4 w= 7 nsites= 36125
0.2657 0.1210 0.3573 0.2559
0.2211 0.2156 0.3600 0.2034
0.3199 0.2460 0.0737 0.3603
0.2379 0.2548 0.1342 0.3731
0.2678 0.2128 0.1969 0.3224
0.1869 0.2590 0.3012 0.2529
0.2379 0.2404 0.2703 0.2514

MOTIF filter6
letter-probability matrix: alength= 4 w= 7 nsites= 47876
0.2629 0.2525 0.1171 0.3674
0.2148 0.1387 0.3610 0.2855
0.3019 0.0824 0.3460 0.2697
0.2636 0.1159 0.4150 0.2054
0.3396 0.1786 0.1309 0.3508
0.2339 0.1604 0.2164 0.3893
0.2112 0.2337 0.1905 0.3645

MOTIF filter7
letter-probability matrix: alength= 4 w= 7 nsites= 15095
0.2489 0.3837 0.1527 0.2146
0.2366 0.2929 0.2603 0.2103
0.2997 0.2970 0.2690 0.1343
0.3871 0.3122 0.2017 0.0990
0.5556 0.2134 0.1065 0.1245
0.4313 0.1213 0.3522 0.0952
0.4022 0.0648 0.3475 0.1855

MOTIF filter8
letter-probability matrix: alength= 4 w= 7 nsites= 34896
0.2809 0.0891 0.3996 0.2304
0.2463 0.1054 0.3643 0.2840
0.3834 0.1323 0.1184 0.3659
0.3234 0.0801 0.2660 0.3304
0.2543 0.0926 0.3095 0.3437
0.2159 0.1311 0.3278 0.3252
0.2465 0.1464 0.3027 0.3044

MOTIF filter9
letter-probability matrix: alength= 4 w= 7 nsites= 15018
0.6540 0.1439 0.0620 0.1401
0.4325 0.1781 0.2849 0.1044
0.4373 0.0838 0.3016 0.1773
0.2627 0.0663 0.3894 0.2816
0.3149 0.0812 0.1302 0.4736
0.2494 0.1871 0.1291 0.4344
0.3225 0.2104 0.0849 0.3822

MOTIF filter10
letter-probability matrix: alength= 4 w= 7 nsites= 19020
0.3704 0.2384 0.1372 0.2540
0.2827 0.1265 0.3877 0.2031
0.2548 0.0467 0.4899 0.2086
0.1556 0.1245 0.4036 0.3163
0.2632 0.1551 0.1819 0.3997
0.3971 0.2157 0.0758 0.3114
0.3227 0.1726 0.0878 0.4169

MOTIF filter11
letter-probability matrix: alength= 4 w= 7 nsites= 9569
0.2579 0.3067 0.3373 0.0981
0.2033 0.2373 0.4104 0.1490
0.3441 0.1372 0.2994 0.2194
0.3421 0.1432 0.1535 0.3612
0.3445 0.1315 0.0868 0.4372
0.2006 0.0672 0.2082 0.5241
0.0474 0.1573 0.4099 0.3854

MOTIF filter12
letter-probability matrix: alength= 4 w= 7 nsites= 10269
0.2872 0.1535 0.2835 0.2759
0.2962 0.2708 0.2581 0.1749
0.2293 0.4605 0.1376 0.1725
0.1142 0.6447 0.0142 0.2269
0.1026 0.6693 0.0219 0.2062
0.2145 0.5677 0.0287 0.1890
0.2622 0.5259 0.0737 0.1381

MOTIF filter13
letter-probability matrix: alength= 4 w= 7 nsites= 17127
0.4285 0.3302 0.1212 0.1201
0.3320 0.1915 0.2626 0.2139
0.1758 0.0747 0.5677 0.1818
0.0768 0.1830 0.5855 0.1546
0.1217 0.2045 0.5421 0.1316
0.1835 0.2345 0.4049 0.1770
0.2816 0.1079 0.3185 0.2919

MOTIF filter14
letter-probability matrix: alength= 4 w= 7 nsites= 10917
0.3812 0.1504 0.3657 0.1026
0.3348 0.1506 0.2240 0.2906
0.3705 0.2557 0.0930 0.2807
0.2798 0.3331 0.0493 0.3378
0.2828 0.3190 0.0744 0.3237
0.2426 0.1371 0.1688 0.4515
0.1624 0.1785 0.2736 0.3855

MOTIF filter15
letter-probability matrix: alength= 4 w= 7 nsites= 9244
0.1415 0.0967 0.6701 0.0917
0.1650 0.1971 0.5968 0.0411
0.2022 0.3085 0.3506 0.1387
0.2470 0.3257 0.1254 0.3019
0.3115 0.2173 0.1184 0.3527
0.2758 0.2092 0.1180 0.3970
0.3691 0.1996 0.1633 0.2681

