MEME version 4

ALPHABET= ACGU

Background letter frequencies:
A 0.2465 C 0.2338 G 0.2466 U 0.2730

MOTIF filter0
letter-probability matrix: alength= 4 w= 7 nsites= 11508
0.2052 0.0103 0.4058 0.3787
0.1935 0.0768 0.4950 0.2348
0.2346 0.1294 0.2758 0.3601
0.0819 0.1939 0.3076 0.4166
0.1287 0.2178 0.2010 0.4525
0.0938 0.3993 0.2223 0.2846
0.1062 0.5036 0.0627 0.3275

MOTIF filter1
letter-probability matrix: alength= 4 w= 7 nsites= 14888
0.2979 0.4520 0.0650 0.1851
0.1582 0.5161 0.1311 0.1946
0.2344 0.3877 0.1898 0.1882
0.2004 0.2666 0.2809 0.2521
0.1957 0.2247 0.2939 0.2857
0.2850 0.1916 0.2540 0.2694
0.3441 0.1782 0.3038 0.1739

MOTIF filter2
letter-probability matrix: alength= 4 w= 7 nsites= 12202
0.2505 0.1158 0.5012 0.1325
0.3856 0.1551 0.2949 0.1643
0.2234 0.1554 0.4315 0.1897
0.2363 0.1538 0.4880 0.1219
0.1282 0.2855 0.4316 0.1547
0.1797 0.3611 0.2359 0.2232
0.1665 0.5351 0.0961 0.2023

MOTIF filter3
letter-probability matrix: alength= 4 w= 7 nsites= 8845
0.3180 0.2449 0.2701 0.1670
0.2433 0.2148 0.2763 0.2656
0.1812 0.1119 0.4932 0.2138
0.3166 0.0914 0.3776 0.2144
0.3642 0.1697 0.3222 0.1439
0.3703 0.4438 0.0207 0.1652
0.1543 0.6200 0.0360 0.1897

MOTIF filter4
letter-probability matrix: alength= 4 w= 7 nsites= 22685
0.1077 0.4789 0.2116 0.2018
0.1612 0.4842 0.1717 0.1828
0.2038 0.6095 0.0815 0.1052
0.2060 0.5519 0.0476 0.1946
0.2220 0.5571 0.0617 0.1592
0.1707 0.3657 0.1964 0.2672
0.1876 0.2666 0.2925 0.2533

MOTIF filter5
letter-probability matrix: alength= 4 w= 7 nsites= 14608
0.2408 0.5428 0.0875 0.1289
0.2191 0.4686 0.1573 0.1549
0.2321 0.3113 0.2770 0.1796
0.1445 0.3313 0.3024 0.2217
0.2739 0.3319 0.2504 0.1439
0.2821 0.2823 0.2150 0.2206
0.2730 0.1328 0.4098 0.1844

MOTIF filter6
letter-probability matrix: alength= 4 w= 7 nsites= 10215
0.3019 0.3642 0.0607 0.2732
0.2104 0.4141 0.0642 0.3113
0.2279 0.4579 0.0999 0.2143
0.1110 0.6724 0.0837 0.1330
0.1461 0.5293 0.1816 0.1430
0.2730 0.4319 0.1658 0.1293
0.3155 0.2661 0.2562 0.1622

MOTIF filter7
letter-probability matrix: alength= 4 w= 7 nsites= 16747
0.1908 0.2191 0.0770 0.5131
0.3913 0.1758 0.0524 0.3805
0.4620 0.1042 0.1934 0.2404
0.4756 0.0160 0.2460 0.2624
0.2598 0.0242 0.3482 0.3677
0.2180 0.1569 0.1947 0.4304
0.1293 0.1520 0.1491 0.5696

MOTIF filter8
letter-probability matrix: alength= 4 w= 7 nsites= 14453
0.0997 0.2009 0.1314 0.5679
0.2483 0.0811 0.2355 0.4351
0.2207 0.1069 0.3555 0.3168
0.2951 0.1901 0.3269 0.1879
0.1442 0.2216 0.2118 0.4224
0.1191 0.1563 0.0624 0.6622
0.0583 0.1288 0.1693 0.6436

MOTIF filter9
letter-probability matrix: alength= 4 w= 7 nsites= 11968
0.3699 0.1007 0.3075 0.2219
0.5469 0.0449 0.2319 0.1763
0.5862 0.0579 0.2502 0.1057
0.7204 0.0844 0.1112 0.0840
0.5887 0.1240 0.1541 0.1332
0.4094 0.1826 0.2622 0.1458
0.2440 0.1882 0.2550 0.3128

MOTIF filter10
letter-probability matrix: alength= 4 w= 7 nsites= 10180
0.2382 0.3708 0.2301 0.1609
0.1332 0.4344 0.3119 0.1206
0.2336 0.4066 0.2243 0.1355
0.2713 0.3128 0.1983 0.2176
0.2178 0.2221 0.3061 0.2540
0.0950 0.1216 0.5871 0.1964
0.1082 0.2352 0.5640 0.0926

MOTIF filter11
letter-probability matrix: alength= 4 w= 7 nsites= 11453
0.0990 0.5228 0.0807 0.2975
0.0958 0.4547 0.0880 0.3615
0.0804 0.5473 0.1313 0.2411
0.0903 0.5295 0.0942 0.2860
0.2138 0.4411 0.1090 0.2360
0.2337 0.4225 0.1696 0.1742
0.2059 0.3027 0.3634 0.1280

MOTIF filter12
letter-probability matrix: alength= 4 w= 7 nsites= 14535
0.2779 0.2032 0.0646 0.4543
0.4866 0.2154 0.0588 0.2392
0.4043 0.2002 0.1279 0.2677
0.4423 0.0303 0.1258 0.4017
0.2695 0.1028 0.1435 0.4843
0.3908 0.1261 0.1164 0.3667
0.4212 0.1374 0.1199 0.3215

MOTIF filter13
letter-probability matrix: alength= 4 w= 7 nsites= 17320
0.4812 0.1579 0.1878 0.1731
0.4883 0.1506 0.1542 0.2069
0.3922 0.1316 0.2825 0.1937
0.4222 0.0250 0.3658 0.1870
0.3332 0.0792 0.4703 0.1172
0.5023 0.1319 0.2522 0.1136
0.3877 0.1413 0.1597 0.3113

MOTIF filter14
letter-probability matrix: alength= 4 w= 7 nsites= 17403
0.3005 0.3336 0.2640 0.1019
0.4199 0.2604 0.1308 0.1888
0.3564 0.1163 0.3499 0.1775
0.3351 0.0375 0.5011 0.1263
0.3915 0.0558 0.5190 0.0337
0.5273 0.1479 0.2867 0.0382
0.6021 0.1713 0.1428 0.0838

MOTIF filter15
letter-probability matrix: alength= 4 w= 7 nsites= 14353
0.1688 0.0456 0.1927 0.5929
0.1012 0.0456 0.4493 0.4040
0.0938 0.0800 0.4653 0.3609
0.2746 0.1807 0.3105 0.2342
0.4364 0.1716 0.0441 0.3480
0.4340 0.2608 0.0487 0.2565
0.2936 0.2543 0.0816 0.3705

