MEME version 4

ALPHABET= ACGU

Background letter frequencies:
A 0.2693 C 0.2014 G 0.2105 U 0.3187

MOTIF filter0
letter-probability matrix: alength= 4 w= 7 nsites= 120918
0.1929 0.3008 0.1113 0.3949
0.0967 0.3059 0.2671 0.3303
0.1864 0.2235 0.2549 0.3352
0.2903 0.2862 0.3565 0.0670
0.3700 0.2493 0.2560 0.1247
0.2659 0.2891 0.2805 0.1645
0.2969 0.2833 0.2046 0.2152

MOTIF filter1
letter-probability matrix: alength= 4 w= 7 nsites= 164664
0.1697 0.3049 0.1780 0.3474
0.2903 0.1470 0.3307 0.2320
0.2551 0.1834 0.3695 0.1920
0.2126 0.1429 0.2927 0.3518
0.0840 0.2321 0.1285 0.5554
0.0302 0.2436 0.0311 0.6951
0.2202 0.2864 0.0065 0.4869

MOTIF filter2
letter-probability matrix: alength= 4 w= 7 nsites= 208803
0.0909 0.0960 0.0677 0.7453
0.0517 0.0690 0.0343 0.8450
0.0811 0.1285 0.0115 0.7789
0.1696 0.1391 0.0268 0.6644
0.1872 0.1430 0.0749 0.5950
0.2445 0.1401 0.1516 0.4639
0.2646 0.1535 0.2015 0.3804

MOTIF filter3
letter-probability matrix: alength= 4 w= 7 nsites= 78005
0.5214 0.1181 0.1468 0.2138
0.4052 0.0971 0.3650 0.1326
0.1907 0.1232 0.3671 0.3190
0.1788 0.1034 0.3670 0.3508
0.2234 0.0903 0.3264 0.3599
0.2593 0.0884 0.4621 0.1903
0.1604 0.0762 0.3684 0.3950

MOTIF filter4
letter-probability matrix: alength= 4 w= 7 nsites= 45910
0.3739 0.3141 0.2408 0.0713
0.3225 0.3061 0.2099 0.1615
0.2248 0.5557 0.0390 0.1805
0.2931 0.4180 0.0558 0.2331
0.4090 0.3366 0.0690 0.1854
0.4213 0.3111 0.0773 0.1904
0.4347 0.3072 0.1099 0.1482

MOTIF filter5
letter-probability matrix: alength= 4 w= 7 nsites= 98932
0.1366 0.3515 0.1606 0.3513
0.3212 0.2817 0.1265 0.2706
0.2777 0.2692 0.3443 0.1088
0.3025 0.1667 0.3734 0.1574
0.3766 0.1774 0.3273 0.1188
0.4688 0.1603 0.2317 0.1393
0.5041 0.0531 0.3862 0.0566

MOTIF filter6
letter-probability matrix: alength= 4 w= 7 nsites= 63748
0.2135 0.1175 0.4032 0.2658
0.2471 0.1165 0.2104 0.4260
0.0990 0.1096 0.1943 0.5972
0.0657 0.0790 0.3082 0.5471
0.0480 0.3061 0.3008 0.3451
0.2359 0.3494 0.2493 0.1653
0.3275 0.4224 0.1153 0.1348

MOTIF filter7
letter-probability matrix: alength= 4 w= 7 nsites= 385273
0.3040 0.1385 0.1274 0.4301
0.1848 0.1588 0.1474 0.5090
0.1536 0.1445 0.1593 0.5426
0.1064 0.1209 0.1514 0.6213
0.1850 0.0854 0.1298 0.5998
0.2082 0.0897 0.0436 0.6584
0.2844 0.0428 0.1270 0.5459

MOTIF filter8
letter-probability matrix: alength= 4 w= 7 nsites= 112855
0.1324 0.1148 0.1333 0.6196
0.1578 0.3232 0.1233 0.3957
0.1161 0.4358 0.1289 0.3191
0.0771 0.5057 0.0483 0.3689
0.0651 0.3576 0.2147 0.3626
0.0710 0.2760 0.2439 0.4090
0.0682 0.2881 0.2740 0.3698

MOTIF filter9
letter-probability matrix: alength= 4 w= 7 nsites= 87341
0.3091 0.4320 0.1421 0.1169
0.3377 0.2603 0.2927 0.1093
0.3422 0.3033 0.2740 0.0804
0.2965 0.3699 0.2343 0.0992
0.2743 0.3383 0.0496 0.3378
0.1892 0.1776 0.0386 0.5946
0.1044 0.2367 0.0319 0.6270

MOTIF filter10
letter-probability matrix: alength= 4 w= 7 nsites= 69261
0.2294 0.2332 0.2869 0.2506
0.2851 0.3802 0.2141 0.1207
0.2368 0.3580 0.3230 0.0821
0.1877 0.3085 0.3878 0.1160
0.1334 0.1902 0.3480 0.3284
0.1140 0.1943 0.2747 0.4171
0.1951 0.2098 0.2004 0.3946

MOTIF filter11
letter-probability matrix: alength= 4 w= 7 nsites= 100433
0.3894 0.1846 0.1150 0.3109
0.2420 0.1162 0.3714 0.2704
0.2717 0.0560 0.5087 0.1636
0.2770 0.1340 0.5267 0.0623
0.2448 0.1331 0.2499 0.3722
0.2842 0.1627 0.2047 0.3484
0.2395 0.0902 0.2769 0.3935

MOTIF filter12
letter-probability matrix: alength= 4 w= 7 nsites= 103071
0.3440 0.2673 0.1010 0.2878
0.3700 0.3512 0.1022 0.1767
0.2164 0.3374 0.1711 0.2750
0.1737 0.1642 0.4390 0.2230
0.0826 0.0313 0.4211 0.4650
0.1839 0.0271 0.3421 0.4470
0.2487 0.0778 0.0452 0.6282

MOTIF filter13
letter-probability matrix: alength= 4 w= 7 nsites= 132004
0.1461 0.3250 0.3489 0.1800
0.0918 0.2828 0.2274 0.3980
0.0696 0.1834 0.4030 0.3439
0.0603 0.1550 0.4263 0.3584
0.1431 0.1764 0.4408 0.2396
0.1432 0.2233 0.3937 0.2398
0.2408 0.1915 0.3656 0.2022

MOTIF filter14
letter-probability matrix: alength= 4 w= 7 nsites= 151441
0.3948 0.1536 0.1374 0.3142
0.4083 0.1564 0.1319 0.3034
0.2125 0.1682 0.0797 0.5396
0.3638 0.0587 0.0175 0.5601
0.2815 0.0845 0.0069 0.6272
0.4053 0.0672 0.0102 0.5174
0.2808 0.1041 0.0598 0.5552

MOTIF filter15
letter-probability matrix: alength= 4 w= 7 nsites= 114445
0.1899 0.1568 0.4834 0.1699
0.1337 0.0571 0.4760 0.3332
0.0424 0.2361 0.4503 0.2711
0.0942 0.3225 0.1584 0.4248
0.1395 0.5183 0.1389 0.2033
0.2860 0.3835 0.0400 0.2905
0.2827 0.3358 0.1575 0.2240

