MEME version 4

ALPHABET= ACGU

Background letter frequencies:
A 0.2598 C 0.2269 G 0.2560 U 0.2573

MOTIF filter0
letter-probability matrix: alength= 4 w= 7 nsites= 126519
0.0439 0.2381 0.5399 0.1781
0.0528 0.3588 0.4811 0.1073
0.0888 0.4609 0.4011 0.0492
0.1065 0.4745 0.2035 0.2155
0.0576 0.5146 0.2059 0.2218
0.0448 0.4659 0.1395 0.3498
0.0457 0.5335 0.2183 0.2025

MOTIF filter1
letter-probability matrix: alength= 4 w= 7 nsites= 136663
0.2899 0.2651 0.1241 0.3209
0.3091 0.2012 0.0673 0.4224
0.1526 0.2844 0.2474 0.3156
0.1718 0.2542 0.2985 0.2755
0.1958 0.2051 0.3887 0.2104
0.2059 0.1103 0.4170 0.2669
0.3183 0.1129 0.3790 0.1898

MOTIF filter2
letter-probability matrix: alength= 4 w= 7 nsites= 126384
0.2259 0.0576 0.6474 0.0691
0.2374 0.0878 0.6130 0.0618
0.3235 0.0926 0.4694 0.1145
0.2425 0.1220 0.3432 0.2923
0.3474 0.0820 0.2557 0.3149
0.2981 0.0755 0.3412 0.2853
0.3297 0.0568 0.4961 0.1174

MOTIF filter3
letter-probability matrix: alength= 4 w= 7 nsites= 156034
0.3557 0.0991 0.2024 0.3427
0.4881 0.1565 0.1459 0.2095
0.4509 0.2064 0.1199 0.2228
0.2919 0.4147 0.0603 0.2331
0.3344 0.4373 0.0168 0.2114
0.3729 0.4401 0.0282 0.1588
0.3975 0.2557 0.1128 0.2340

MOTIF filter4
letter-probability matrix: alength= 4 w= 7 nsites= 188513
0.1860 0.1990 0.1692 0.4458
0.1863 0.1698 0.1032 0.5407
0.2043 0.1500 0.0683 0.5774
0.3584 0.0913 0.0629 0.4873
0.2949 0.0968 0.0591 0.5492
0.4234 0.0474 0.0257 0.5036
0.3352 0.0761 0.1082 0.4805

MOTIF filter5
letter-probability matrix: alength= 4 w= 7 nsites= 117723
0.4172 0.1064 0.4557 0.0207
0.2651 0.1001 0.5087 0.1261
0.2682 0.1438 0.4307 0.1573
0.2894 0.2325 0.1602 0.3180
0.2270 0.2410 0.2353 0.2968
0.1689 0.2269 0.1689 0.4354
0.1257 0.1989 0.3425 0.3329

MOTIF filter6
letter-probability matrix: alength= 4 w= 7 nsites= 138702
0.4912 0.2487 0.0392 0.2208
0.5155 0.2584 0.0624 0.1638
0.4693 0.3139 0.0629 0.1540
0.5360 0.2490 0.1131 0.1019
0.3727 0.2262 0.0781 0.3230
0.3874 0.2322 0.0872 0.2931
0.4449 0.2005 0.0316 0.3230

MOTIF filter7
letter-probability matrix: alength= 4 w= 7 nsites= 517359
0.3875 0.3037 0.1440 0.1649
0.4167 0.1510 0.2775 0.1549
0.1258 0.2497 0.3746 0.2498
0.1515 0.2746 0.3340 0.2399
0.2040 0.2839 0.2974 0.2147
0.2619 0.2583 0.2851 0.1946
0.2566 0.2507 0.2751 0.2176

MOTIF filter8
letter-probability matrix: alength= 4 w= 7 nsites= 148018
0.2002 0.2064 0.2143 0.3791
0.2112 0.2311 0.1980 0.3597
0.2819 0.3084 0.1192 0.2906
0.3400 0.3541 0.1567 0.1491
0.3659 0.3687 0.0883 0.1771
0.2630 0.5136 0.0853 0.1381
0.4230 0.4330 0.0222 0.1219

MOTIF filter9
letter-probability matrix: alength= 4 w= 7 nsites= 161621
0.3134 0.2425 0.0752 0.3690
0.1686 0.2866 0.0442 0.5006
0.0517 0.3238 0.1617 0.4628
0.0661 0.2073 0.2709 0.4557
0.3237 0.1000 0.2702 0.3061
0.4714 0.0450 0.1480 0.3357
0.4595 0.1004 0.2085 0.2316

MOTIF filter10
letter-probability matrix: alength= 4 w= 7 nsites= 196959
0.1988 0.0088 0.5500 0.2424
0.2186 0.0628 0.4840 0.2346
0.1851 0.0960 0.4920 0.2269
0.1698 0.1281 0.5425 0.1596
0.2750 0.0802 0.5046 0.1402
0.3719 0.0866 0.5209 0.0205
0.4529 0.1001 0.4116 0.0354

MOTIF filter11
letter-probability matrix: alength= 4 w= 7 nsites= 98381
0.2041 0.2027 0.3569 0.2363
0.1622 0.1999 0.4909 0.1470
0.2033 0.2177 0.4485 0.1305
0.3292 0.2114 0.3916 0.0679
0.2769 0.3453 0.3251 0.0527
0.4175 0.3630 0.1656 0.0539
0.4712 0.3182 0.1628 0.0478

MOTIF filter12
letter-probability matrix: alength= 4 w= 7 nsites= 91844
0.0578 0.0845 0.3526 0.5051
0.1787 0.1414 0.1380 0.5418
0.3730 0.0971 0.1393 0.3906
0.3996 0.1025 0.1099 0.3881
0.3703 0.0581 0.1896 0.3821
0.2150 0.0940 0.1043 0.5867
0.3091 0.1179 0.1324 0.4406

MOTIF filter13
letter-probability matrix: alength= 4 w= 7 nsites= 80460
0.1830 0.3186 0.2855 0.2130
0.0743 0.5311 0.2172 0.1774
0.3123 0.4998 0.1037 0.0842
0.3176 0.4928 0.0814 0.1082
0.5649 0.2278 0.1441 0.0632
0.3906 0.2266 0.3145 0.0683
0.3937 0.0619 0.3509 0.1936

MOTIF filter14
letter-probability matrix: alength= 4 w= 7 nsites= 178773
0.1498 0.1796 0.2267 0.4440
0.1782 0.0957 0.2205 0.5055
0.1161 0.1107 0.2466 0.5266
0.1233 0.0701 0.1408 0.6657
0.1082 0.1127 0.1567 0.6225
0.0599 0.1951 0.0702 0.6748
0.2532 0.2034 0.0726 0.4708

MOTIF filter15
letter-probability matrix: alength= 4 w= 7 nsites= 98479
0.0992 0.3806 0.3541 0.1662
0.1248 0.3014 0.4102 0.1635
0.1394 0.2816 0.4584 0.1206
0.1123 0.4826 0.3323 0.0728
0.0801 0.5319 0.1611 0.2269
0.0682 0.5576 0.0490 0.3252
0.2863 0.2834 0.0952 0.3351

