MEME version 4

ALPHABET= ACGU

Background letter frequencies:
A 0.2753 C 0.1935 G 0.1993 U 0.3319

MOTIF filter0
letter-probability matrix: alength= 4 w= 7 nsites= 117693
0.2157 0.4266 0.0583 0.2994
0.0190 0.3644 0.0742 0.5424
0.0517 0.4719 0.2537 0.2228
0.0802 0.5081 0.1581 0.2536
0.2185 0.1334 0.3898 0.2583
0.0004 0.3755 0.6099 0.0142
0.1493 0.7985 0.0134 0.0388

MOTIF filter1
letter-probability matrix: alength= 4 w= 7 nsites= 54583
0.0058 0.2938 0.5829 0.1175
0.1367 0.6983 0.0414 0.1236
0.2722 0.4346 0.0722 0.2210
0.7797 0.0387 0.0416 0.1400
0.4536 0.1655 0.3349 0.0460
0.6976 0.0182 0.0090 0.2752
0.1851 0.1613 0.6094 0.0441

MOTIF filter2
letter-probability matrix: alength= 4 w= 7 nsites= 140006
0.0598 0.0936 0.0006 0.8460
0.1170 0.0945 0.0141 0.7743
0.3166 0.1248 0.0320 0.5266
0.1138 0.1203 0.0240 0.7418
0.2403 0.1424 0.0306 0.5867
0.2100 0.1233 0.0209 0.6458
0.1205 0.2288 0.0288 0.6219

MOTIF filter3
letter-probability matrix: alength= 4 w= 7 nsites= 59244
0.3397 0.3385 0.1161 0.2058
0.0292 0.0567 0.3608 0.5532
0.1624 0.2641 0.0587 0.5148
0.3056 0.0329 0.0157 0.6458
0.1639 0.2839 0.0072 0.5450
0.1697 0.4374 0.0253 0.3676
0.1554 0.0518 0.4483 0.3444

MOTIF filter4
letter-probability matrix: alength= 4 w= 7 nsites= 160304
0.1054 0.0623 0.6522 0.1800
0.1752 0.4348 0.3831 0.0069
0.3029 0.0807 0.0685 0.5479
0.2469 0.0404 0.5105 0.2021
0.1464 0.0150 0.3808 0.4578
0.4310 0.1783 0.3829 0.0078
0.4768 0.1856 0.0738 0.2638

MOTIF filter5
letter-probability matrix: alength= 4 w= 7 nsites= 231405
0.4726 0.1323 0.1130 0.2820
0.4843 0.0213 0.0995 0.3948
0.0001 0.0000 0.9998 0.0001
0.2668 0.3322 0.0331 0.3678
0.3450 0.2482 0.0556 0.3512
0.2431 0.2149 0.1067 0.4354
0.3814 0.2071 0.0750 0.3365

MOTIF filter6
letter-probability matrix: alength= 4 w= 7 nsites= 169342
0.2703 0.0117 0.1074 0.6105
0.2288 0.0308 0.0583 0.6822
0.4173 0.2007 0.0118 0.3702
0.0266 0.4781 0.0251 0.4702
0.0417 0.3614 0.0012 0.5956
0.0996 0.3699 0.0206 0.5099
0.2268 0.1117 0.0684 0.5931

MOTIF filter7
letter-probability matrix: alength= 4 w= 7 nsites= 93145
0.1332 0.0876 0.1631 0.6160
0.4781 0.2142 0.2198 0.0879
0.2276 0.0349 0.0065 0.7310
0.1731 0.4005 0.1538 0.2727
0.7996 0.0142 0.0334 0.1529
0.0383 0.2074 0.2803 0.4740
0.3682 0.1130 0.1387 0.3801

MOTIF filter8
letter-probability matrix: alength= 4 w= 7 nsites= 84542
0.0346 0.2432 0.3474 0.3747
0.8849 0.0165 0.0200 0.0787
0.1046 0.1805 0.6191 0.0958
0.6396 0.0708 0.1982 0.0914
0.2503 0.0784 0.0924 0.5789
0.3918 0.0851 0.2620 0.2612
0.1673 0.2612 0.1009 0.4706

MOTIF filter9
letter-probability matrix: alength= 4 w= 7 nsites= 104033
0.6667 0.0167 0.0526 0.2640
0.3173 0.0228 0.5024 0.1574
0.3490 0.0518 0.4666 0.1325
0.5722 0.1908 0.0067 0.2303
0.4333 0.1501 0.0745 0.3421
0.5185 0.0054 0.0466 0.4295
0.0727 0.0151 0.8633 0.0490

MOTIF filter10
letter-probability matrix: alength= 4 w= 7 nsites= 172862
0.4524 0.0488 0.0640 0.4348
0.2755 0.0503 0.0946 0.5796
0.1468 0.2068 0.0017 0.6446
0.5209 0.0667 0.0002 0.4122
0.0614 0.3271 0.0003 0.6112
0.2895 0.0369 0.0109 0.6627
0.2369 0.2817 0.0451 0.4363

MOTIF filter11
letter-probability matrix: alength= 4 w= 7 nsites= 72019
0.1520 0.1316 0.3155 0.4009
0.0536 0.1976 0.0268 0.7220
0.1385 0.7262 0.0280 0.1072
0.1977 0.4921 0.0302 0.2800
0.0753 0.2548 0.0428 0.6271
0.4281 0.0848 0.0256 0.4614
0.3575 0.1229 0.3890 0.1306

MOTIF filter12
letter-probability matrix: alength= 4 w= 7 nsites= 73144
0.0233 0.2662 0.5589 0.1516
0.0488 0.2339 0.0671 0.6502
0.1399 0.2026 0.5576 0.0999
0.2032 0.2274 0.4462 0.1233
0.0319 0.1090 0.3699 0.4892
0.3791 0.2480 0.1858 0.1871
0.1479 0.1641 0.4751 0.2129

MOTIF filter13
letter-probability matrix: alength= 4 w= 7 nsites= 840411
0.2756 0.1730 0.2403 0.3111
0.2860 0.1790 0.2087 0.3263
0.2927 0.1467 0.2243 0.3363
0.2762 0.1593 0.2351 0.3294
0.2558 0.2075 0.2270 0.3097
0.3357 0.0167 0.2218 0.4257
0.0000 0.0000 1.0000 0.0000

MOTIF filter14
letter-probability matrix: alength= 4 w= 7 nsites= 203920
0.1208 0.1538 0.2040 0.5214
0.3903 0.2986 0.0513 0.2598
0.3359 0.3414 0.0353 0.2874
0.1766 0.2618 0.1977 0.3638
0.1454 0.1547 0.0138 0.6861
0.1183 0.0259 0.0203 0.8355
0.1125 0.0487 0.0591 0.7797

MOTIF filter15
letter-probability matrix: alength= 4 w= 7 nsites= 223948
0.4037 0.1910 0.2497 0.1555
0.3696 0.1883 0.0025 0.4396
0.2116 0.1657 0.3135 0.3091
0.2995 0.3220 0.0787 0.2998
0.2925 0.2796 0.0331 0.3948
0.3247 0.1708 0.0660 0.4385
0.2498 0.1047 0.2523 0.3932

