MEME version 4

ALPHABET= ACGU

Background letter frequencies:
A 0.2399 C 0.2307 G 0.2551 U 0.2743

MOTIF filter0
letter-probability matrix: alength= 4 w= 7 nsites= 4164
0.1048 0.1795 0.4009 0.3148
0.1221 0.1099 0.3541 0.4139
0.2265 0.1288 0.3448 0.2999
0.4820 0.1156 0.0907 0.3117
0.4467 0.0578 0.1725 0.3229
0.3426 0.0823 0.2759 0.2992
0.1315 0.0881 0.2718 0.5086

MOTIF filter1
letter-probability matrix: alength= 4 w= 7 nsites= 6066
0.1585 0.1964 0.4158 0.2293
0.1157 0.1336 0.5550 0.1957
0.1633 0.1392 0.5193 0.1783
0.1514 0.1783 0.2837 0.3867
0.1972 0.3895 0.0509 0.3624
0.3272 0.3140 0.0161 0.3427
0.3750 0.3023 0.1908 0.1320

MOTIF filter2
letter-probability matrix: alength= 4 w= 7 nsites= 6837
0.3918 0.1675 0.3035 0.1373
0.3247 0.0667 0.5618 0.0469
0.3825 0.1010 0.4792 0.0373
0.2460 0.1093 0.5080 0.1367
0.2962 0.1134 0.4270 0.1634
0.2058 0.1951 0.4347 0.1643
0.2321 0.2723 0.2872 0.2083

MOTIF filter3
letter-probability matrix: alength= 4 w= 7 nsites= 3955
0.3827 0.0889 0.4342 0.0942
0.4956 0.1124 0.2857 0.1063
0.4920 0.0851 0.3056 0.1172
0.3998 0.2892 0.2104 0.1005
0.4612 0.3031 0.1306 0.1051
0.2905 0.3064 0.3165 0.0866
0.3665 0.1389 0.4049 0.0897

MOTIF filter4
letter-probability matrix: alength= 4 w= 7 nsites= 6850
0.1933 0.1011 0.0943 0.6113
0.0852 0.0643 0.0935 0.7569
0.2267 0.0643 0.0266 0.6824
0.3799 0.0476 0.0546 0.5179
0.4152 0.1566 0.0846 0.3436
0.3217 0.2543 0.1237 0.3003
0.2765 0.2467 0.0944 0.3824

MOTIF filter5
letter-probability matrix: alength= 4 w= 7 nsites= 9313
0.3985 0.2182 0.0648 0.3185
0.3319 0.1674 0.0433 0.4574
0.2917 0.1415 0.0698 0.4970
0.3390 0.0980 0.0932 0.4699
0.3616 0.1770 0.1483 0.3131
0.3611 0.1840 0.1472 0.3078
0.2142 0.1525 0.1260 0.5072

MOTIF filter6
letter-probability matrix: alength= 4 w= 7 nsites= 7529
0.2205 0.2421 0.2579 0.2794
0.2461 0.1991 0.2781 0.2766
0.2605 0.0747 0.4511 0.2137
0.1990 0.1264 0.5221 0.1525
0.2423 0.0892 0.5209 0.1476
0.2309 0.0920 0.5100 0.1671
0.2297 0.0893 0.3875 0.2935

MOTIF filter7
letter-probability matrix: alength= 4 w= 7 nsites= 3676
0.3109 0.0851 0.4429 0.1611
0.2970 0.1247 0.4590 0.1193
0.1361 0.1185 0.4655 0.2799
0.2155 0.1049 0.3438 0.3359
0.2641 0.3016 0.0924 0.3418
0.3413 0.4332 0.0503 0.1753
0.2486 0.5399 0.0459 0.1655

MOTIF filter8
letter-probability matrix: alength= 4 w= 7 nsites= 6519
0.1614 0.1752 0.0411 0.6223
0.2183 0.1840 0.0507 0.5470
0.2623 0.2496 0.0556 0.4325
0.1814 0.1346 0.0316 0.6525
0.1337 0.2362 0.0811 0.5490
0.1637 0.1996 0.1484 0.4883
0.2096 0.2438 0.2620 0.2847

MOTIF filter9
letter-probability matrix: alength= 4 w= 7 nsites= 8490
0.1923 0.1024 0.1064 0.5989
0.1609 0.0962 0.0446 0.6983
0.1386 0.0512 0.1817 0.6286
0.2381 0.0980 0.2524 0.4116
0.1877 0.2010 0.2711 0.3402
0.2003 0.1979 0.1512 0.4507
0.1107 0.1964 0.1926 0.5004

MOTIF filter10
letter-probability matrix: alength= 4 w= 7 nsites= 8182
0.2625 0.2730 0.1285 0.3359
0.2055 0.2768 0.1064 0.4113
0.1404 0.4096 0.0645 0.3855
0.1196 0.5740 0.0520 0.2543
0.2016 0.5409 0.0369 0.2206
0.2162 0.4098 0.0518 0.3221
0.2331 0.2953 0.1245 0.3472

MOTIF filter11
letter-probability matrix: alength= 4 w= 7 nsites= 6556
0.4017 0.1079 0.0276 0.4628
0.3320 0.0665 0.1189 0.4826
0.4253 0.0511 0.1034 0.4203
0.4541 0.0497 0.2151 0.2811
0.4549 0.1041 0.1843 0.2567
0.4627 0.1709 0.2021 0.1643
0.3439 0.1992 0.2770 0.1799

MOTIF filter12
letter-probability matrix: alength= 4 w= 7 nsites= 4812
0.2355 0.3129 0.1630 0.2886
0.3173 0.1887 0.1792 0.3148
0.4340 0.1375 0.1302 0.2984
0.3227 0.1258 0.3862 0.1653
0.1547 0.2942 0.3576 0.1935
0.0424 0.3598 0.3355 0.2623
0.0563 0.3559 0.1248 0.4630

MOTIF filter13
letter-probability matrix: alength= 4 w= 7 nsites= 3468
0.3528 0.2126 0.3217 0.1129
0.1933 0.2200 0.4813 0.1054
0.0573 0.2480 0.5916 0.1031
0.2180 0.2468 0.3669 0.1682
0.2336 0.4142 0.1581 0.1941
0.4219 0.3462 0.0441 0.1878
0.2869 0.3851 0.1472 0.1809

MOTIF filter14
letter-probability matrix: alength= 4 w= 7 nsites= 4684
0.1811 0.4861 0.1397 0.1930
0.0966 0.4548 0.1719 0.2767
0.1145 0.3709 0.1862 0.3283
0.0721 0.5683 0.1084 0.2513
0.0678 0.6355 0.1329 0.1638
0.0563 0.5128 0.2694 0.1615
0.0996 0.3116 0.4326 0.1561

MOTIF filter15
letter-probability matrix: alength= 4 w= 7 nsites= 9939
0.1913 0.5161 0.1291 0.1634
0.3444 0.3986 0.0601 0.1969
0.2948 0.2218 0.3749 0.1085
0.2642 0.1039 0.5450 0.0869
0.1320 0.1271 0.6322 0.1087
0.2198 0.2425 0.3408 0.1969
0.1738 0.2731 0.2267 0.3265

