MEME version 4

ALPHABET= ACGU

Background letter frequencies:
A 0.2729 C 0.2109 G 0.2120 U 0.3041

MOTIF filter0
letter-probability matrix: alength= 4 w= 7 nsites= 10926
0.4136 0.0171 0.4249 0.1444
0.4615 0.0244 0.4124 0.1017
0.2097 0.0777 0.4637 0.2489
0.2442 0.1604 0.3001 0.2953
0.3643 0.2150 0.1116 0.3091
0.4879 0.1759 0.1253 0.2109
0.5479 0.1107 0.1085 0.2328

MOTIF filter1
letter-probability matrix: alength= 4 w= 7 nsites= 11723
0.2389 0.3084 0.2085 0.2441
0.1356 0.2840 0.4107 0.1697
0.1964 0.1607 0.4564 0.1866
0.2477 0.1391 0.4643 0.1489
0.3594 0.2050 0.2413 0.1943
0.2721 0.2609 0.1491 0.3180
0.2412 0.4426 0.0226 0.2936

MOTIF filter2
letter-probability matrix: alength= 4 w= 7 nsites= 24962
0.2639 0.1771 0.2453 0.3137
0.2805 0.0998 0.4197 0.2000
0.3798 0.0442 0.3242 0.2518
0.3790 0.0277 0.2399 0.3534
0.3686 0.0130 0.1748 0.4436
0.2513 0.0118 0.2578 0.4791
0.2496 0.0254 0.2566 0.4684

MOTIF filter3
letter-probability matrix: alength= 4 w= 7 nsites= 11486
0.1936 0.3700 0.0583 0.3782
0.0994 0.3366 0.1305 0.4335
0.1582 0.2944 0.1191 0.4283
0.1750 0.1723 0.3447 0.3079
0.1983 0.2271 0.3496 0.2251
0.2130 0.3789 0.3479 0.0602
0.4064 0.3900 0.1295 0.0741

MOTIF filter4
letter-probability matrix: alength= 4 w= 7 nsites= 25043
0.3602 0.0608 0.4386 0.1405
0.3237 0.0944 0.4665 0.1154
0.2582 0.1370 0.4702 0.1346
0.3642 0.2435 0.1432 0.2491
0.4387 0.1998 0.0423 0.3192
0.3878 0.2205 0.0777 0.3140
0.3446 0.1504 0.1080 0.3969

MOTIF filter5
letter-probability matrix: alength= 4 w= 7 nsites= 6060
0.3499 0.1664 0.3433 0.1403
0.2451 0.1748 0.4365 0.1436
0.3104 0.1166 0.4860 0.0871
0.1603 0.0651 0.6976 0.0770
0.1146 0.1868 0.6323 0.0663
0.2602 0.2020 0.4212 0.1166
0.2858 0.3928 0.2048 0.1166

MOTIF filter6
letter-probability matrix: alength= 4 w= 7 nsites= 13632
0.3040 0.0584 0.3884 0.2492
0.3782 0.0711 0.1205 0.4302
0.2446 0.0556 0.3574 0.3423
0.1923 0.0506 0.4199 0.3372
0.1584 0.0470 0.6187 0.1759
0.2898 0.1082 0.3894 0.2125
0.2759 0.1654 0.3159 0.2428

MOTIF filter7
letter-probability matrix: alength= 4 w= 7 nsites= 19295
0.2533 0.2780 0.2108 0.2579
0.3275 0.1977 0.2840 0.1908
0.3963 0.1700 0.2305 0.2032
0.3895 0.1500 0.2391 0.2215
0.2704 0.1508 0.3395 0.2393
0.1597 0.1172 0.5146 0.2085
0.1593 0.0709 0.5431 0.2266

MOTIF filter8
letter-probability matrix: alength= 4 w= 7 nsites= 15879
0.2494 0.1255 0.0776 0.5474
0.1464 0.2766 0.0732 0.5037
0.4408 0.1859 0.0243 0.3490
0.5340 0.1975 0.0648 0.2036
0.4728 0.1377 0.1211 0.2684
0.3836 0.1326 0.2119 0.2719
0.3093 0.1609 0.2768 0.2531

MOTIF filter9
letter-probability matrix: alength= 4 w= 7 nsites= 24601
0.2487 0.0396 0.1506 0.5611
0.2755 0.0150 0.2514 0.4582
0.2853 0.0551 0.2064 0.4532
0.2984 0.0620 0.2190 0.4206
0.3286 0.0571 0.0952 0.5191
0.3329 0.0097 0.3029 0.3544
0.2803 0.0367 0.3052 0.3778

MOTIF filter10
letter-probability matrix: alength= 4 w= 7 nsites= 11995
0.3108 0.4563 0.0294 0.2035
0.3392 0.2519 0.0476 0.3614
0.2069 0.2406 0.2667 0.2859
0.1673 0.1433 0.4180 0.2713
0.2687 0.1900 0.4195 0.1218
0.3311 0.1979 0.2009 0.2701
0.4505 0.2313 0.0410 0.2773

MOTIF filter11
letter-probability matrix: alength= 4 w= 7 nsites= 18471
0.2482 0.1621 0.0041 0.5855
0.3077 0.1582 0.0457 0.4883
0.2711 0.2298 0.1939 0.3051
0.3058 0.2565 0.2445 0.1932
0.2219 0.3047 0.3024 0.1711
0.2223 0.2887 0.2244 0.2646
0.1784 0.1812 0.3013 0.3391

MOTIF filter12
letter-probability matrix: alength= 4 w= 7 nsites= 12143
0.3109 0.2082 0.2284 0.2525
0.2041 0.1939 0.3937 0.2084
0.1992 0.1289 0.4775 0.1944
0.2322 0.0380 0.4353 0.2946
0.1828 0.0106 0.5805 0.2261
0.1810 0.0229 0.5407 0.2555
0.0649 0.1409 0.5847 0.2096

MOTIF filter13
letter-probability matrix: alength= 4 w= 7 nsites= 15363
0.1134 0.1694 0.4068 0.3103
0.1994 0.1673 0.2776 0.3557
0.2293 0.1642 0.3028 0.3038
0.3332 0.2085 0.0804 0.3778
0.2971 0.3183 0.0387 0.3459
0.2429 0.3769 0.0017 0.3785
0.1493 0.5203 0.0085 0.3219

MOTIF filter14
letter-probability matrix: alength= 4 w= 7 nsites= 16281
0.0814 0.0881 0.2228 0.6077
0.0818 0.0556 0.2208 0.6418
0.1298 0.1030 0.2145 0.5527
0.2789 0.2061 0.0430 0.4720
0.4052 0.1791 0.0185 0.3972
0.3979 0.1816 0.0013 0.4192
0.2791 0.1178 0.1336 0.4695

MOTIF filter15
letter-probability matrix: alength= 4 w= 7 nsites= 27265
0.4154 0.0136 0.3311 0.2399
0.4391 0.0455 0.1989 0.3165
0.4186 0.0474 0.1863 0.3478
0.4937 0.0410 0.1037 0.3615
0.5637 0.0085 0.1053 0.3225
0.4871 0.0139 0.1127 0.3863
0.3820 0.0251 0.2075 0.3855

