MEME version 4

ALPHABET= ACGU

Background letter frequencies:
A 0.2805 C 0.1911 G 0.2080 U 0.3204

MOTIF filter0
letter-probability matrix: alength= 4 w= 7 nsites= 19987
0.2270 0.0427 0.4861 0.2443
0.3294 0.1498 0.4015 0.1193
0.4331 0.2350 0.1870 0.1449
0.5061 0.2102 0.1753 0.1083
0.3512 0.2368 0.1486 0.2634
0.2367 0.1420 0.1817 0.4396
0.1568 0.1553 0.1444 0.5435

MOTIF filter1
letter-probability matrix: alength= 4 w= 7 nsites= 9043
0.4400 0.1162 0.3197 0.1241
0.2593 0.1204 0.3173 0.3030
0.3392 0.1082 0.1878 0.3648
0.2127 0.0398 0.4085 0.3390
0.1937 0.0921 0.5734 0.1408
0.3046 0.0916 0.5202 0.0836
0.3055 0.1459 0.4164 0.1322

MOTIF filter2
letter-probability matrix: alength= 4 w= 7 nsites= 19608
0.2112 0.1364 0.4504 0.2020
0.1200 0.2624 0.3499 0.2676
0.2190 0.2651 0.1345 0.3815
0.1651 0.2009 0.1404 0.4936
0.2522 0.0574 0.3649 0.3254
0.1953 0.0485 0.4771 0.2792
0.2786 0.0597 0.5355 0.1261

MOTIF filter3
letter-probability matrix: alength= 4 w= 7 nsites= 33086
0.3850 0.0954 0.0984 0.4212
0.3711 0.1660 0.0000 0.4629
0.4189 0.1280 0.0038 0.4493
0.2980 0.2506 0.0189 0.4326
0.3065 0.3262 0.0234 0.3440
0.1993 0.3307 0.0569 0.4131
0.1885 0.2694 0.0701 0.4720

MOTIF filter4
letter-probability matrix: alength= 4 w= 7 nsites= 15081
0.5663 0.0887 0.0967 0.2483
0.4398 0.0715 0.3300 0.1588
0.4410 0.1161 0.3245 0.1183
0.3045 0.1272 0.3856 0.1827
0.5835 0.1050 0.1291 0.1824
0.4609 0.1061 0.1274 0.3057
0.4479 0.1009 0.0453 0.4060

MOTIF filter5
letter-probability matrix: alength= 4 w= 7 nsites= 32408
0.3498 0.2536 0.1859 0.2107
0.4084 0.2491 0.1522 0.1903
0.3050 0.4392 0.0794 0.1764
0.2568 0.4361 0.0003 0.3068
0.1652 0.4692 0.0000 0.3656
0.2242 0.2889 0.0006 0.4864
0.2635 0.2868 0.0848 0.3649

MOTIF filter6
letter-probability matrix: alength= 4 w= 7 nsites= 13749
0.1009 0.0699 0.5660 0.2632
0.0764 0.0813 0.4102 0.4321
0.0504 0.0436 0.4374 0.4686
0.0894 0.1122 0.1403 0.6582
0.1860 0.2144 0.1484 0.4512
0.2995 0.2704 0.1012 0.3289
0.3491 0.2082 0.2225 0.2202

MOTIF filter7
letter-probability matrix: alength= 4 w= 7 nsites= 15786
0.3802 0.2391 0.2605 0.1201
0.4942 0.2631 0.1068 0.1359
0.4648 0.3496 0.0668 0.1188
0.3723 0.3802 0.1680 0.0796
0.2000 0.5348 0.1521 0.1132
0.3179 0.4511 0.1651 0.0659
0.4346 0.3617 0.1351 0.0685

MOTIF filter8
letter-probability matrix: alength= 4 w= 7 nsites= 13855
0.1490 0.4139 0.3887 0.0484
0.1099 0.4634 0.2062 0.2205
0.1511 0.4053 0.1530 0.2906
0.1413 0.1914 0.3259 0.3415
0.2269 0.1569 0.3322 0.2839
0.2080 0.2506 0.2715 0.2699
0.3588 0.2567 0.1193 0.2651

MOTIF filter9
letter-probability matrix: alength= 4 w= 7 nsites= 33596
0.4649 0.1294 0.0005 0.4052
0.4659 0.1317 0.0230 0.3793
0.2829 0.1412 0.0741 0.5018
0.1923 0.1035 0.1758 0.5284
0.0999 0.1265 0.1926 0.5809
0.1274 0.1455 0.1943 0.5327
0.1749 0.1901 0.1357 0.4992

MOTIF filter10
letter-probability matrix: alength= 4 w= 7 nsites= 12866
0.1910 0.1120 0.1201 0.5768
0.1974 0.2688 0.1166 0.4172
0.1851 0.3657 0.0648 0.3845
0.2605 0.2986 0.1270 0.3140
0.3503 0.1773 0.2587 0.2137
0.3829 0.2412 0.2448 0.1311
0.3457 0.2650 0.1896 0.1998

MOTIF filter11
letter-probability matrix: alength= 4 w= 7 nsites= 12017
0.0679 0.5721 0.0576 0.3025
0.1002 0.4463 0.1337 0.3198
0.0871 0.2309 0.3654 0.3165
0.0654 0.2259 0.3940 0.3147
0.0821 0.2160 0.3130 0.3890
0.1064 0.2363 0.2615 0.3959
0.1149 0.2431 0.2402 0.4018

MOTIF filter12
letter-probability matrix: alength= 4 w= 7 nsites= 10463
0.0613 0.5621 0.1673 0.2092
0.0509 0.3897 0.3766 0.1828
0.1253 0.2936 0.3972 0.1839
0.1260 0.3097 0.4259 0.1383
0.2557 0.2642 0.2383 0.2419
0.2361 0.2937 0.2307 0.2395
0.2839 0.2415 0.2595 0.2151

MOTIF filter13
letter-probability matrix: alength= 4 w= 7 nsites= 10454
0.0846 0.2070 0.3606 0.3478
0.1987 0.2394 0.3613 0.2006
0.3444 0.3562 0.0545 0.2449
0.4552 0.2461 0.0090 0.2896
0.3504 0.3159 0.0528 0.2809
0.2998 0.2387 0.1592 0.3024
0.3507 0.2009 0.1957 0.2526

MOTIF filter14
letter-probability matrix: alength= 4 w= 7 nsites= 22827
0.3173 0.1242 0.1508 0.4077
0.2148 0.0316 0.2139 0.5396
0.0767 0.0125 0.4605 0.4503
0.1440 0.0583 0.4265 0.3712
0.2314 0.0679 0.3677 0.3331
0.3285 0.0680 0.0780 0.5256
0.3172 0.0388 0.0987 0.5454

MOTIF filter15
letter-probability matrix: alength= 4 w= 7 nsites= 21256
0.2897 0.1668 0.4739 0.0695
0.2855 0.2131 0.4020 0.0995
0.3778 0.2811 0.1752 0.1659
0.4094 0.1805 0.0971 0.3131
0.2961 0.1561 0.2921 0.2557
0.2615 0.1723 0.2289 0.3372
0.1738 0.2360 0.2832 0.3070

