MEME version 4

ALPHABET= ACGU

Background letter frequencies:
A 0.2860 C 0.1918 G 0.2046 U 0.3176

MOTIF filter0
letter-probability matrix: alength= 4 w= 7 nsites= 27622
0.5259 0.2015 0.0260 0.2466
0.1955 0.1844 0.0878 0.5324
0.2410 0.0685 0.2570 0.4335
0.1554 0.1089 0.5151 0.2206
0.5223 0.1008 0.2346 0.1423
0.4907 0.1598 0.1156 0.2339
0.1706 0.0655 0.4301 0.3338

MOTIF filter1
letter-probability matrix: alength= 4 w= 7 nsites= 16587
0.4467 0.1372 0.0327 0.3833
0.7885 0.0234 0.0046 0.1835
0.1934 0.2310 0.3006 0.2750
0.0363 0.0849 0.8327 0.0460
0.3344 0.0617 0.3251 0.2788
0.3773 0.1981 0.2827 0.1419
0.2210 0.1143 0.2468 0.4179

MOTIF filter2
letter-probability matrix: alength= 4 w= 7 nsites= 28298
0.0188 0.0641 0.8813 0.0358
0.2653 0.2789 0.1229 0.3329
0.2639 0.2949 0.1436 0.2976
0.3901 0.0624 0.0474 0.5001
0.0099 0.0012 0.9765 0.0124
0.1830 0.1522 0.4366 0.2283
0.2731 0.2333 0.1485 0.3451

MOTIF filter3
letter-probability matrix: alength= 4 w= 7 nsites= 14815
0.1650 0.0455 0.1613 0.6281
0.3769 0.2255 0.0399 0.3576
0.3716 0.3760 0.0583 0.1941
0.1026 0.1981 0.0339 0.6654
0.5930 0.1366 0.0498 0.2205
0.5474 0.0116 0.0350 0.4060
0.4030 0.2581 0.0509 0.2879

MOTIF filter4
letter-probability matrix: alength= 4 w= 7 nsites= 24349
0.1212 0.0349 0.7232 0.1207
0.3785 0.0096 0.0217 0.5902
0.0278 0.0012 0.9271 0.0439
0.4096 0.1369 0.0547 0.3988
0.3845 0.0729 0.0879 0.4546
0.3173 0.0609 0.3796 0.2422
0.2004 0.1491 0.1656 0.4849

MOTIF filter5
letter-probability matrix: alength= 4 w= 7 nsites= 15731
0.0181 0.2001 0.2196 0.5622
0.2200 0.1157 0.4911 0.1731
0.3306 0.1423 0.4725 0.0546
0.4604 0.1919 0.1129 0.2348
0.2705 0.2288 0.2891 0.2116
0.1288 0.2888 0.3337 0.2486
0.3905 0.0262 0.4526 0.1307

MOTIF filter6
letter-probability matrix: alength= 4 w= 7 nsites= 20442
0.3054 0.1549 0.4184 0.1213
0.1727 0.1170 0.2953 0.4149
0.0379 0.5665 0.3602 0.0354
0.0700 0.1285 0.0034 0.7980
0.4347 0.3410 0.2082 0.0160
0.6412 0.0430 0.1267 0.1891
0.1450 0.2880 0.1827 0.3843

MOTIF filter7
letter-probability matrix: alength= 4 w= 7 nsites= 32086
0.4503 0.0637 0.2614 0.2247
0.5659 0.0209 0.2624 0.1508
0.0105 0.0014 0.9860 0.0020
0.8721 0.0054 0.0458 0.0766
0.2149 0.0271 0.4726 0.2854
0.3349 0.2553 0.2056 0.2042
0.3730 0.1276 0.0651 0.4343

MOTIF filter8
letter-probability matrix: alength= 4 w= 7 nsites= 28217
0.4522 0.0039 0.2463 0.2977
0.0322 0.2235 0.7407 0.0036
0.0701 0.5532 0.3268 0.0498
0.3851 0.0001 0.0011 0.6137
0.0315 0.0460 0.6181 0.3045
0.1721 0.1493 0.0774 0.6011
0.4731 0.2148 0.0895 0.2226

MOTIF filter9
letter-probability matrix: alength= 4 w= 7 nsites= 16385
0.2045 0.4569 0.1087 0.2299
0.1723 0.4145 0.1208 0.2924
0.0851 0.6449 0.2314 0.0386
0.6210 0.1139 0.1259 0.1392
0.0001 0.0222 0.9596 0.0181
0.0528 0.5034 0.3726 0.0711
0.1392 0.7784 0.0015 0.0809

MOTIF filter10
letter-probability matrix: alength= 4 w= 7 nsites= 34136
0.5409 0.0841 0.0586 0.3164
0.2990 0.1573 0.0054 0.5382
0.0599 0.3171 0.0014 0.6216
0.1253 0.3635 0.0003 0.5109
0.3216 0.4317 0.0875 0.1593
0.3267 0.1395 0.1610 0.3729
0.3100 0.2822 0.2429 0.1649

MOTIF filter11
letter-probability matrix: alength= 4 w= 7 nsites= 27354
0.3422 0.2546 0.0595 0.3438
0.2916 0.2072 0.0593 0.4419
0.2627 0.2850 0.1004 0.3519
0.4051 0.0599 0.0224 0.5126
0.0753 0.0474 0.7910 0.0863
0.2577 0.1892 0.1411 0.4120
0.2344 0.1747 0.1962 0.3948

MOTIF filter12
letter-probability matrix: alength= 4 w= 7 nsites= 12143
0.1883 0.1235 0.5370 0.1512
0.1873 0.3347 0.3567 0.1213
0.1117 0.2793 0.5410 0.0679
0.1349 0.8055 0.0112 0.0483
0.7577 0.0872 0.0280 0.1271
0.0572 0.2297 0.6621 0.0510
0.3694 0.4431 0.0288 0.1587

MOTIF filter13
letter-probability matrix: alength= 4 w= 7 nsites= 17538
0.3228 0.2291 0.0476 0.4005
0.0705 0.8085 0.0035 0.1175
0.3656 0.0333 0.1004 0.5007
0.1020 0.1809 0.0800 0.6370
0.4907 0.2796 0.1351 0.0946
0.5419 0.0124 0.2686 0.1772
0.7643 0.0378 0.0571 0.1408

MOTIF filter14
letter-probability matrix: alength= 4 w= 7 nsites= 16543
0.6514 0.0506 0.0642 0.2338
0.7375 0.0282 0.0029 0.2314
0.1554 0.4265 0.0076 0.4105
0.2981 0.1309 0.0468 0.5241
0.3335 0.4815 0.0080 0.1770
0.0107 0.2564 0.0416 0.6912
0.0624 0.4959 0.0603 0.3814

MOTIF filter15
letter-probability matrix: alength= 4 w= 7 nsites= 35569
0.0000 0.0000 0.9999 0.0000
0.4364 0.2863 0.0034 0.2739
0.2866 0.2728 0.2428 0.1978
0.3510 0.3042 0.1313 0.2136
0.3688 0.4711 0.0013 0.1588
0.3284 0.3555 0.0220 0.2941
0.3540 0.3585 0.1403 0.1472

