MEME version 4

ALPHABET= ACGU

Background letter frequencies:
A 0.2694 C 0.2055 G 0.2138 U 0.3114

MOTIF filter0
letter-probability matrix: alength= 4 w= 7 nsites= 16044
0.2363 0.0831 0.4727 0.2079
0.1249 0.0794 0.6928 0.1029
0.0968 0.0987 0.6826 0.1219
0.1780 0.2102 0.5366 0.0753
0.2653 0.2309 0.3359 0.1679
0.3175 0.2479 0.2861 0.1485
0.2837 0.1785 0.2997 0.2382

MOTIF filter1
letter-probability matrix: alength= 4 w= 7 nsites= 12087
0.2543 0.2786 0.1752 0.2920
0.2408 0.2008 0.1834 0.3750
0.2432 0.1853 0.1860 0.3854
0.3117 0.1892 0.1417 0.3574
0.3624 0.2129 0.1810 0.2437
0.2298 0.1383 0.1471 0.4847
0.2066 0.0653 0.1071 0.6210

MOTIF filter2
letter-probability matrix: alength= 4 w= 7 nsites= 12505
0.1130 0.3263 0.1023 0.4584
0.1980 0.4215 0.1369 0.2436
0.1978 0.3744 0.1785 0.2493
0.1955 0.3687 0.2436 0.1923
0.2752 0.3495 0.1769 0.1983
0.3730 0.3444 0.1951 0.0875
0.3826 0.1877 0.2904 0.1393

MOTIF filter3
letter-probability matrix: alength= 4 w= 7 nsites= 18287
0.1308 0.1283 0.2403 0.5006
0.2226 0.1165 0.2277 0.4332
0.2788 0.1259 0.1093 0.4860
0.2550 0.1596 0.1620 0.4234
0.1484 0.1536 0.1181 0.5800
0.0315 0.0871 0.1070 0.7744
0.0691 0.0254 0.0313 0.8743

MOTIF filter4
letter-probability matrix: alength= 4 w= 7 nsites= 24724
0.0414 0.1025 0.0102 0.8460
0.1717 0.1064 0.0472 0.6747
0.2399 0.1220 0.0972 0.5409
0.3170 0.0689 0.2004 0.4137
0.2921 0.1120 0.2098 0.3862
0.2420 0.1319 0.2551 0.3711
0.1974 0.2035 0.1770 0.4221

MOTIF filter5
letter-probability matrix: alength= 4 w= 7 nsites= 11220
0.1925 0.1923 0.0290 0.5862
0.2839 0.1739 0.0347 0.5076
0.3071 0.2139 0.0699 0.4090
0.4332 0.1256 0.2045 0.2367
0.2511 0.0732 0.4963 0.1793
0.2683 0.1847 0.4906 0.0564
0.1407 0.2132 0.3746 0.2716

MOTIF filter6
letter-probability matrix: alength= 4 w= 7 nsites= 16436
0.4015 0.2353 0.2513 0.1119
0.4088 0.2308 0.2196 0.1408
0.4896 0.1289 0.1094 0.2721
0.3905 0.1364 0.1686 0.3046
0.2295 0.2385 0.3430 0.1890
0.1946 0.2144 0.3478 0.2432
0.1715 0.1577 0.4602 0.2106

MOTIF filter7
letter-probability matrix: alength= 4 w= 7 nsites= 14646
0.1503 0.2240 0.3777 0.2479
0.1687 0.1192 0.4257 0.2863
0.1250 0.2433 0.4121 0.2196
0.2703 0.1920 0.1703 0.3674
0.2205 0.2290 0.3612 0.1894
0.2318 0.2008 0.4049 0.1625
0.1756 0.2021 0.3963 0.2260

MOTIF filter8
letter-probability matrix: alength= 4 w= 7 nsites= 20065
0.3099 0.0688 0.2403 0.3811
0.2514 0.1639 0.2705 0.3142
0.0982 0.1529 0.2046 0.5443
0.1657 0.1575 0.0681 0.6087
0.2278 0.0730 0.0052 0.6940
0.2611 0.1879 0.0364 0.5145
0.2390 0.1584 0.0532 0.5495

MOTIF filter9
letter-probability matrix: alength= 4 w= 7 nsites= 17668
0.2138 0.2085 0.1628 0.4148
0.3509 0.1861 0.0866 0.3764
0.3972 0.1616 0.0930 0.3482
0.3277 0.2950 0.0974 0.2799
0.1884 0.2328 0.0970 0.4817
0.0553 0.2249 0.0376 0.6822
0.0896 0.0552 0.0113 0.8440

MOTIF filter10
letter-probability matrix: alength= 4 w= 7 nsites= 16548
0.2183 0.1028 0.4908 0.1881
0.1799 0.1570 0.5280 0.1350
0.2420 0.1805 0.4181 0.1595
0.2934 0.2269 0.3700 0.1097
0.1626 0.2501 0.3069 0.2804
0.1594 0.3340 0.2190 0.2876
0.2591 0.2351 0.2569 0.2489

MOTIF filter11
letter-probability matrix: alength= 4 w= 7 nsites= 12433
0.3316 0.1602 0.1737 0.3346
0.1384 0.1093 0.1522 0.6001
0.2501 0.1373 0.1515 0.4611
0.4553 0.1336 0.0547 0.3564
0.5618 0.1492 0.2159 0.0731
0.4775 0.1503 0.3300 0.0422
0.4178 0.1013 0.3307 0.1502

MOTIF filter12
letter-probability matrix: alength= 4 w= 7 nsites= 20611
0.2528 0.1971 0.2707 0.2794
0.2020 0.1756 0.3145 0.3080
0.1518 0.1327 0.1958 0.5197
0.0998 0.0825 0.1511 0.6666
0.0413 0.0398 0.0117 0.9072
0.2152 0.0490 0.0135 0.7222
0.2638 0.1600 0.0587 0.5175

MOTIF filter13
letter-probability matrix: alength= 4 w= 7 nsites= 17919
0.3032 0.2809 0.1899 0.2260
0.3829 0.3064 0.1316 0.1792
0.4589 0.2767 0.0866 0.1778
0.4957 0.1630 0.1237 0.2175
0.3995 0.0917 0.4021 0.1067
0.2857 0.1063 0.4754 0.1326
0.0781 0.1374 0.4769 0.3076

MOTIF filter14
letter-probability matrix: alength= 4 w= 7 nsites= 24256
0.3136 0.1642 0.1276 0.3946
0.2009 0.1690 0.1069 0.5232
0.1953 0.2277 0.1151 0.4618
0.1601 0.1448 0.0933 0.6018
0.0983 0.1282 0.0637 0.7098
0.0681 0.0181 0.0045 0.9093
0.1439 0.0994 0.0250 0.7317

MOTIF filter15
letter-probability matrix: alength= 4 w= 7 nsites= 9807
0.1414 0.1256 0.1309 0.6022
0.0952 0.2690 0.1306 0.5052
0.1078 0.2433 0.0690 0.5799
0.1119 0.2445 0.3199 0.3236
0.2036 0.1650 0.3580 0.2734
0.1729 0.2253 0.5196 0.0823
0.2019 0.1863 0.2486 0.3632

