MEME version 4

ALPHABET= ACGU

Background letter frequencies:
A 0.2666 C 0.2139 G 0.2228 U 0.2967

MOTIF filter0
letter-probability matrix: alength= 4 w= 7 nsites= 508998
0.3666 0.2964 0.0000 0.3370
0.3610 0.2390 0.0261 0.3739
0.2222 0.1970 0.2972 0.2837
0.2607 0.1918 0.2013 0.3463
0.2851 0.1923 0.1978 0.3248
0.2794 0.2165 0.1838 0.3203
0.2786 0.2154 0.1924 0.3135

MOTIF filter1
letter-probability matrix: alength= 4 w= 7 nsites= 289040
0.3740 0.2907 0.0000 0.3352
0.3502 0.2566 0.0000 0.3932
0.3555 0.3137 0.0168 0.3141
0.2441 0.2719 0.2155 0.2686
0.3283 0.2106 0.2336 0.2275
0.2523 0.2468 0.1756 0.3253
0.2937 0.2533 0.1900 0.2631

MOTIF filter2
letter-probability matrix: alength= 4 w= 7 nsites= 56527
0.4898 0.0052 0.1360 0.3690
0.6309 0.0215 0.0210 0.3265
0.0272 0.3455 0.0210 0.6064
0.1047 0.2613 0.3485 0.2856
0.2527 0.0141 0.1773 0.5559
0.4860 0.0669 0.4014 0.0457
0.1200 0.4596 0.1608 0.2596

MOTIF filter3
letter-probability matrix: alength= 4 w= 7 nsites= 72409
0.4449 0.0232 0.5303 0.0016
0.7478 0.0003 0.2124 0.0395
0.2926 0.0156 0.3841 0.3078
0.8073 0.0123 0.0300 0.1505
0.4407 0.0383 0.4029 0.1181
0.6872 0.0185 0.1359 0.1583
0.4171 0.0416 0.1492 0.3921

MOTIF filter4
letter-probability matrix: alength= 4 w= 7 nsites= 29524
0.1925 0.1984 0.0953 0.5139
0.2519 0.0067 0.4821 0.2593
0.1337 0.2368 0.5180 0.1116
0.0070 0.7046 0.0035 0.2849
0.0116 0.0001 0.9876 0.0007
0.1094 0.4146 0.4460 0.0300
0.1406 0.1419 0.4667 0.2507

MOTIF filter5
letter-probability matrix: alength= 4 w= 7 nsites= 150190
0.2218 0.1072 0.0018 0.6692
0.3608 0.1409 0.1180 0.3803
0.5460 0.0126 0.0139 0.4275
0.1013 0.0147 0.7483 0.1357
0.3400 0.0238 0.0032 0.6331
0.2571 0.0377 0.3076 0.3977
0.1548 0.0099 0.2790 0.5563

MOTIF filter6
letter-probability matrix: alength= 4 w= 7 nsites= 38647
0.3076 0.0555 0.5744 0.0625
0.0000 0.0061 0.8216 0.1723
0.0198 0.6589 0.0621 0.2592
0.0539 0.0760 0.0514 0.8187
0.0871 0.3442 0.2471 0.3217
0.2626 0.0443 0.5429 0.1502
0.0553 0.1181 0.6476 0.1790

MOTIF filter7
letter-probability matrix: alength= 4 w= 7 nsites= 179652
0.8140 0.0107 0.0000 0.1753
0.2664 0.0820 0.0000 0.6516
0.1340 0.2414 0.2126 0.4120
0.2746 0.3759 0.1053 0.2442
0.2131 0.1961 0.1758 0.4151
0.3251 0.4449 0.1757 0.0543
0.1406 0.3216 0.2107 0.3271

MOTIF filter8
letter-probability matrix: alength= 4 w= 7 nsites= 84419
0.3394 0.0015 0.0534 0.6057
0.1179 0.0705 0.5491 0.2625
0.2879 0.0075 0.1188 0.5858
0.2138 0.0138 0.3114 0.4610
0.0000 0.0010 0.9793 0.0197
0.2429 0.1387 0.0002 0.6181
0.2234 0.2997 0.3456 0.1313

MOTIF filter9
letter-probability matrix: alength= 4 w= 7 nsites= 204215
0.0146 0.1937 0.4888 0.3030
0.0565 0.1342 0.2065 0.6028
0.2063 0.4484 0.0673 0.2780
0.2278 0.2158 0.2675 0.2889
0.2601 0.2382 0.3205 0.1812
0.3536 0.1168 0.3463 0.1834
0.2957 0.3522 0.2053 0.1468

MOTIF filter10
letter-probability matrix: alength= 4 w= 7 nsites= 54394
0.1507 0.5404 0.3089 0.0000
0.6068 0.1692 0.2092 0.0147
0.0807 0.0868 0.8255 0.0070
0.1959 0.4998 0.2592 0.0452
0.1487 0.4960 0.3362 0.0191
0.0575 0.3211 0.5312 0.0903
0.1241 0.5275 0.2518 0.0966

MOTIF filter11
letter-probability matrix: alength= 4 w= 7 nsites= 117575
0.0288 0.0014 0.8860 0.0837
0.5846 0.2893 0.0000 0.1260
0.2933 0.3684 0.0001 0.3382
0.2138 0.5249 0.0033 0.2580
0.0888 0.4693 0.2613 0.1807
0.3231 0.2626 0.1442 0.2701
0.0594 0.2859 0.5656 0.0892

MOTIF filter12
letter-probability matrix: alength= 4 w= 7 nsites= 57158
0.1301 0.1541 0.6644 0.0513
0.1833 0.1433 0.0251 0.6482
0.0013 0.3383 0.6358 0.0246
0.3175 0.3595 0.2711 0.0519
0.0272 0.9207 0.0000 0.0521
0.4039 0.0578 0.0687 0.4696
0.0859 0.3357 0.3134 0.2650

MOTIF filter13
letter-probability matrix: alength= 4 w= 7 nsites= 99180
0.3039 0.2678 0.0468 0.3814
0.1384 0.3303 0.2081 0.3233
0.1569 0.5183 0.1063 0.2185
0.0045 0.7406 0.1202 0.1347
0.7566 0.0131 0.0000 0.2304
0.0060 0.0003 0.9916 0.0020
0.3284 0.2703 0.1855 0.2158

MOTIF filter14
letter-probability matrix: alength= 4 w= 7 nsites= 89633
0.0653 0.3859 0.5093 0.0394
0.1273 0.0379 0.6520 0.1828
0.2894 0.0002 0.6534 0.0571
0.0883 0.5823 0.1499 0.1795
0.6566 0.0202 0.2315 0.0917
0.7144 0.1908 0.0368 0.0580
0.2310 0.2968 0.2408 0.2315

MOTIF filter15
letter-probability matrix: alength= 4 w= 7 nsites= 53962
0.5394 0.0808 0.3552 0.0246
0.5975 0.3721 0.0269 0.0035
0.1099 0.3281 0.1857 0.3763
0.0510 0.2491 0.3844 0.3156
0.0460 0.1840 0.1957 0.5743
0.0322 0.2042 0.0006 0.7630
0.1327 0.4006 0.1731 0.2936

